3998.37201	0.06625
3997.40762	0.06628
3996.44323	0.06631
3995.47883	0.06634
3994.51444	0.06636
3993.55005	0.06640
3992.58566	0.06645
3991.62126	0.06650
3990.65687	0.06653
3989.69248	0.06655
3988.72809	0.06655
3987.76369	0.06654
3986.79930	0.06651
3985.83491	0.06648
3984.87051	0.06645
3983.90612	0.06646
3982.94173	0.06649
3981.97734	0.06653
3981.01294	0.06653
3980.04855	0.06643
3979.08416	0.06622
3978.11977	0.06595
3977.15537	0.06568
3976.19098	0.06551
3975.22659	0.06545
3974.26220	0.06547
3973.29780	0.06551
3972.33341	0.06552
3971.36902	0.06552
3970.40462	0.06549
3969.44023	0.06543
3968.47584	0.06534
3967.51145	0.06523
3966.54705	0.06510
3965.58266	0.06493
3964.61827	0.06474
3963.65388	0.06453
3962.68948	0.06437
3961.72509	0.06432
3960.76070	0.06440
3959.79630	0.06452
3958.83191	0.06460
3957.86752	0.06459
3956.90313	0.06453
3955.93873	0.06444
3954.97434	0.06438
3954.00995	0.06435
3953.04556	0.06435
3952.08116	0.06438
3951.11677	0.06438
3950.15238	0.06434
3949.18799	0.06425
3948.22359	0.06416
3947.25920	0.06409
3946.29481	0.06407
3945.33041	0.06406
3944.36602	0.06403
3943.40163	0.06391
3942.43724	0.06372
3941.47284	0.06354
3940.50845	0.06340
3939.54406	0.06331
3938.57967	0.06329
3937.61527	0.06337
3936.65088	0.06357
3935.68649	0.06392
3934.72210	0.06434
3933.75770	0.06469
3932.79331	0.06480
3931.82892	0.06459
3930.86452	0.06415
3929.90013	0.06368
3928.93574	0.06333
3927.97135	0.06316
3927.00695	0.06308
3926.04256	0.06303
3925.07817	0.06301
3924.11378	0.06310
3923.14938	0.06333
3922.18499	0.06368
3921.22060	0.06408
3920.25621	0.06445
3919.29181	0.06478
3918.32742	0.06498
3917.36303	0.06494
3916.39863	0.06465
3915.43424	0.06424
3914.46985	0.06383
3913.50546	0.06350
3912.54106	0.06328
3911.57667	0.06320
3910.61228	0.06325
3909.64789	0.06345
3908.68349	0.06377
3907.71910	0.06419
3906.75471	0.06466
3905.79032	0.06518
3904.82592	0.06575
3903.86153	0.06629
3902.89714	0.06666
3901.93274	0.06666
3900.96835	0.06621
3900.00396	0.06542
3899.03957	0.06462
3898.07517	0.06412
3897.11078	0.06401
3896.14639	0.06413
3895.18200	0.06429
3894.21760	0.06438
3893.25321	0.06434
3892.28882	0.06421
3891.32443	0.06416
3890.36003	0.06439
3889.39564	0.06490
3888.43125	0.06550
3887.46685	0.06596
3886.50246	0.06611
3885.53807	0.06597
3884.57368	0.06572
3883.60928	0.06548
3882.64489	0.06528
3881.68050	0.06506
3880.71611	0.06487
3879.75171	0.06480
3878.78732	0.06492
3877.82293	0.06513
3876.85854	0.06532
3875.89414	0.06543
3874.92975	0.06545
3873.96536	0.06548
3873.00096	0.06565
3872.03657	0.06592
3871.07218	0.06614
3870.10779	0.06629
3869.14339	0.06643
3868.17900	0.06658
3867.21461	0.06663
3866.25022	0.06647
3865.28582	0.06615
3864.32143	0.06590
3863.35704	0.06586
3862.39265	0.06604
3861.42825	0.06639
3860.46386	0.06689
3859.49947	0.06740
3858.53507	0.06776
3857.57068	0.06780
3856.60629	0.06744
3855.64190	0.06672
3854.67750	0.06581
3853.71311	0.06509
3852.74872	0.06485
3851.78433	0.06507
3850.81993	0.06551
3849.85554	0.06596
3848.89115	0.06631
3847.92676	0.06651
3846.96236	0.06663
3845.99797	0.06672
3845.03358	0.06685
3844.06918	0.06704
3843.10479	0.06729
3842.14040	0.06751
3841.17601	0.06752
3840.21161	0.06724
3839.24722	0.06673
3838.28283	0.06614
3837.31844	0.06570
3836.35404	0.06554
3835.38965	0.06560
3834.42526	0.06580
3833.46087	0.06602
3832.49647	0.06617
3831.53208	0.06626
3830.56769	0.06636
3829.60329	0.06646
3828.63890	0.06651
3827.67451	0.06653
3826.71012	0.06658
3825.74572	0.06669
3824.78133	0.06681
3823.81694	0.06682
3822.85255	0.06662
3821.88815	0.06628
3820.92376	0.06605
3819.95937	0.06605
3818.99498	0.06618
3818.03058	0.06617
3817.06619	0.06594
3816.10180	0.06561
3815.13740	0.06545
3814.17301	0.06558
3813.20862	0.06588
3812.24423	0.06621
3811.27983	0.06649
3810.31544	0.06669
3809.35105	0.06677
3808.38666	0.06674
3807.42226	0.06668
3806.45787	0.06671
3805.49348	0.06687
3804.52909	0.06696
3803.56469	0.06677
3802.60030	0.06623
3801.63591	0.06551
3800.67151	0.06498
3799.70712	0.06483
3798.74273	0.06495
3797.77834	0.06512
3796.81394	0.06523
3795.84955	0.06530
3794.88516	0.06536
3793.92077	0.06538
3792.95637	0.06536
3791.99198	0.06532
3791.02759	0.06531
3790.06319	0.06535
3789.09880	0.06544
3788.13441	0.06553
3787.17002	0.06557
3786.20562	0.06553
3785.24123	0.06541
3784.27684	0.06529
3783.31245	0.06520
3782.34805	0.06509
3781.38366	0.06492
3780.41927	0.06469
3779.45488	0.06449
3778.49048	0.06447
3777.52609	0.06465
3776.56170	0.06494
3775.59730	0.06527
3774.63291	0.06558
3773.66852	0.06584
3772.70413	0.06601
3771.73973	0.06608
3770.77534	0.06605
3769.81095	0.06602
3768.84656	0.06609
3767.88216	0.06624
3766.91777	0.06636
3765.95338	0.06639
3764.98899	0.06637
3764.02459	0.06636
3763.06020	0.06638
3762.09581	0.06641
3761.13141	0.06643
3760.16702	0.06648
3759.20263	0.06664
3758.23824	0.06696
3757.27384	0.06738
3756.30945	0.06787
3755.34506	0.06838
3754.38067	0.06878
3753.41627	0.06894
3752.45188	0.06884
3751.48749	0.06870
3750.52310	0.06871
3749.55870	0.06902
3748.59431	0.06966
3747.62992	0.07051
3746.66552	0.07123
3745.70113	0.07147
3744.73674	0.07117
3743.77235	0.07071
3742.80795	0.07044
3741.84356	0.07050
3740.87917	0.07084
3739.91478	0.07144
3738.95038	0.07221
3737.98599	0.07297
3737.02160	0.07344
3736.05721	0.07343
3735.09281	0.07293
3734.12842	0.07219
3733.16403	0.07147
3732.19963	0.07102
3731.23524	0.07103
3730.27085	0.07153
3729.30646	0.07230
3728.34206	0.07307
3727.37767	0.07359
3726.41328	0.07371
3725.44889	0.07344
3724.48449	0.07290
3723.52010	0.07219
3722.55571	0.07139
3721.59132	0.07061
3720.62692	0.06998
3719.66253	0.06952
3718.69814	0.06926
3717.73374	0.06923
3716.76935	0.06940
3715.80496	0.06968
3714.84057	0.06997
3713.87617	0.07015
3712.91178	0.07016
3711.94739	0.07004
3710.98300	0.06995
3710.01860	0.07001
3709.05421	0.07024
3708.08982	0.07060
3707.12543	0.07097
3706.16103	0.07122
3705.19664	0.07131
3704.23225	0.07122
3703.26785	0.07097
3702.30346	0.07065
3701.33907	0.07040
3700.37468	0.07037
3699.41028	0.07053
3698.44589	0.07079
3697.48150	0.07109
3696.51711	0.07143
3695.55271	0.07180
3694.58832	0.07216
3693.62393	0.07241
3692.65954	0.07239
3691.69514	0.07202
3690.73075	0.07135
3689.76636	0.07057
3688.80196	0.06991
3687.83757	0.06963
3686.87318	0.06982
3685.90879	0.07030
3684.94439	0.07081
3683.98000	0.07125
3683.01561	0.07159
3682.05122	0.07185
3681.08682	0.07204
3680.12243	0.07216
3679.15804	0.07219
3678.19365	0.07210
3677.22925	0.07182
3676.26486	0.07134
3675.30047	0.07090
3674.33607	0.07079
3673.37168	0.07093
3672.40729	0.07094
3671.44290	0.07058
3670.47850	0.06992
3669.51411	0.06935
3668.54972	0.06913
3667.58533	0.06923
3666.62093	0.06945
3665.65654	0.06964
3664.69215	0.06974
3663.72776	0.06977
3662.76336	0.06976
3661.79897	0.06976
3660.83458	0.06982
3659.87018	0.06998
3658.90579	0.07022
3657.94140	0.07050
3656.97701	0.07077
3656.01261	0.07113
3655.04822	0.07166
3654.08383	0.07234
3653.11944	0.07301
3652.15504	0.07356
3651.19065	0.07398
3650.22626	0.07438
3649.26187	0.07479
3648.29747	0.07514
3647.33308	0.07540
3646.36869	0.07568
3645.40429	0.07612
3644.43990	0.07670
3643.47551	0.07729
3642.51112	0.07780
3641.54672	0.07817
3640.58233	0.07841
3639.61794	0.07858
3638.65355	0.07873
3637.68915	0.07893
3636.72476	0.07922
3635.76037	0.07957
3634.79598	0.07995
3633.83158	0.08037
3632.86719	0.08083
3631.90280	0.08120
3630.93840	0.08124
3629.97401	0.08076
3629.00962	0.07984
3628.04523	0.07889
3627.08083	0.07819
3626.11644	0.07775
3625.15205	0.07744
3624.18766	0.07712
3623.22326	0.07672
3622.25887	0.07620
3621.29448	0.07556
3620.33008	0.07487
3619.36569	0.07423
3618.40130	0.07378
3617.43691	0.07359
3616.47251	0.07361
3615.50812	0.07372
3614.54373	0.07382
3613.57934	0.07390
3612.61494	0.07406
3611.65055	0.07438
3610.68616	0.07479
3609.72177	0.07503
3608.75737	0.07494
3607.79298	0.07452
3606.82859	0.07396
3605.86419	0.07345
3604.89980	0.07308
3603.93541	0.07288
3602.97102	0.07280
3602.00662	0.07276
3601.04223	0.07275
3600.07784	0.07279
3599.11345	0.07293
3598.14905	0.07317
3597.18466	0.07346
3596.22027	0.07372
3595.25588	0.07389
3594.29148	0.07402
3593.32709	0.07422
3592.36270	0.07461
3591.39830	0.07521
3590.43391	0.07589
3589.46952	0.07634
3588.50513	0.07627
3587.54073	0.07562
3586.57634	0.07463
3585.61195	0.07370
3584.64756	0.07310
3583.68316	0.07282
3582.71877	0.07278
3581.75438	0.07287
3580.78999	0.07302
3579.82559	0.07316
3578.86120	0.07329
3577.89681	0.07340
3576.93241	0.07349
3575.96802	0.07361
3575.00363	0.07377
3574.03924	0.07403
3573.07484	0.07444
3572.11045	0.07505
3571.14606	0.07586
3570.18167	0.07684
3569.21727	0.07781
3568.25288	0.07842
3567.28849	0.07843
3566.32410	0.07789
3565.35970	0.07711
3564.39531	0.07643
3563.43092	0.07600
3562.46652	0.07585
3561.50213	0.07590
3560.53774	0.07607
3559.57335	0.07629
3558.60895	0.07654
3557.64456	0.07683
3556.68017	0.07715
3555.71578	0.07750
3554.75138	0.07782
3553.78699	0.07806
3552.82260	0.07823
3551.85821	0.07841
3550.89381	0.07873
3549.92942	0.07921
3548.96503	0.07976
3548.00063	0.08021
3547.03624	0.08041
3546.07185	0.08034
3545.10746	0.08014
3544.14306	0.07999
3543.17867	0.08004
3542.21428	0.08033
3541.24989	0.08081
3540.28549	0.08136
3539.32110	0.08186
3538.35671	0.08225
3537.39232	0.08254
3536.42792	0.08280
3535.46353	0.08312
3534.49914	0.08353
3533.53474	0.08404
3532.57035	0.08457
3531.60596	0.08510
3530.64157	0.08557
3529.67717	0.08595
3528.71278	0.08624
3527.74839	0.08647
3526.78400	0.08668
3525.81960	0.08693
3524.85521	0.08725
3523.89082	0.08763
3522.92643	0.08811
3521.96203	0.08865
3520.99764	0.08922
3520.03325	0.08972
3519.06885	0.09014
3518.10446	0.09048
3517.14007	0.09078
3516.17568	0.09108
3515.21128	0.09141
3514.24689	0.09179
3513.28250	0.09227
3512.31811	0.09284
3511.35371	0.09341
3510.38932	0.09392
3509.42493	0.09433
3508.46054	0.09468
3507.49614	0.09498
3506.53175	0.09520
3505.56736	0.09530
3504.60296	0.09530
3503.63857	0.09532
3502.67418	0.09547
3501.70979	0.09579
3500.74539	0.09616
3499.78100	0.09646
3498.81661	0.09666
3497.85222	0.09681
3496.88782	0.09695
3495.92343	0.09713
3494.95904	0.09737
3493.99465	0.09765
3493.03025	0.09795
3492.06586	0.09822
3491.10147	0.09841
3490.13707	0.09850
3489.17268	0.09849
3488.20829	0.09844
3487.24390	0.09842
3486.27950	0.09847
3485.31511	0.09854
3484.35072	0.09855
3483.38633	0.09844
3482.42193	0.09823
3481.45754	0.09800
3480.49315	0.09783
3479.52876	0.09777
3478.56436	0.09780
3477.59997	0.09790
3476.63558	0.09799
3475.67118	0.09803
3474.70679	0.09799
3473.74240	0.09787
3472.77801	0.09763
3471.81361	0.09728
3470.84922	0.09684
3469.88483	0.09639
3468.92044	0.09599
3467.95604	0.09572
3466.99165	0.09561
3466.02726	0.09563
3465.06287	0.09569
3464.09847	0.09571
3463.13408	0.09562
3462.16969	0.09544
3461.20529	0.09521
3460.24090	0.09500
3459.27651	0.09486
3458.31212	0.09477
3457.34772	0.09468
3456.38333	0.09455
3455.41894	0.09435
3454.45455	0.09411
3453.49015	0.09387
3452.52576	0.09364
3451.56137	0.09343
3450.59697	0.09324
3449.63258	0.09303
3448.66819	0.09277
3447.70380	0.09245
3446.73940	0.09214
3445.77501	0.09194
3444.81062	0.09185
3443.84623	0.09182
3442.88183	0.09175
3441.91744	0.09160
3440.95305	0.09135
3439.98866	0.09102
3439.02426	0.09061
3438.05987	0.09018
3437.09548	0.08978
3436.13108	0.08948
3435.16669	0.08930
3434.20230	0.08922
3433.23791	0.08917
3432.27351	0.08906
3431.30912	0.08888
3430.34473	0.08869
3429.38034	0.08855
3428.41594	0.08849
3427.45155	0.08849
3426.48716	0.08853
3425.52277	0.08859
3424.55837	0.08864
3423.59398	0.08865
3422.62959	0.08860
3421.66519	0.08849
3420.70080	0.08834
3419.73641	0.08818
3418.77202	0.08800
3417.80762	0.08777
3416.84323	0.08751
3415.87884	0.08723
3414.91445	0.08694
3413.95005	0.08667
3412.98566	0.08645
3412.02127	0.08628
3411.05688	0.08617
3410.09248	0.08608
3409.12809	0.08603
3408.16370	0.08602
3407.19930	0.08604
3406.23491	0.08602
3405.27052	0.08593
3404.30613	0.08571
3403.34173	0.08536
3402.37734	0.08494
3401.41295	0.08458
3400.44856	0.08439
3399.48416	0.08438
3398.51977	0.08450
3397.55538	0.08462
3396.59099	0.08466
3395.62659	0.08458
3394.66220	0.08440
3393.69781	0.08416
3392.73341	0.08393
3391.76902	0.08380
3390.80463	0.08380
3389.84024	0.08390
3388.87584	0.08404
3387.91145	0.08415
3386.94706	0.08421
3385.98267	0.08422
3385.01827	0.08419
3384.05388	0.08411
3383.08949	0.08400
3382.12510	0.08385
3381.16070	0.08369
3380.19631	0.08356
3379.23192	0.08345
3378.26752	0.08336
3377.30313	0.08328
3376.33874	0.08323
3375.37435	0.08318
3374.40995	0.08310
3373.44556	0.08294
3372.48117	0.08270
3371.51678	0.08241
3370.55238	0.08212
3369.58799	0.08191
3368.62360	0.08182
3367.65921	0.08185
3366.69481	0.08199
3365.73042	0.08221
3364.76603	0.08241
3363.80163	0.08253
3362.83724	0.08252
3361.87285	0.08244
3360.90846	0.08235
3359.94406	0.08231
3358.97967	0.08231
3358.01528	0.08232
3357.05089	0.08230
3356.08649	0.08221
3355.12210	0.08204
3354.15771	0.08181
3353.19332	0.08153
3352.22892	0.08124
3351.26453	0.08103
3350.30014	0.08097
3349.33574	0.08104
3348.37135	0.08117
3347.40696	0.08127
3346.44257	0.08128
3345.47817	0.08121
3344.51378	0.08109
3343.54939	0.08096
3342.58500	0.08087
3341.62060	0.08078
3340.65621	0.08070
3339.69182	0.08062
3338.72743	0.08061
3337.76303	0.08068
3336.79864	0.08079
3335.83425	0.08089
3334.86985	0.08094
3333.90546	0.08096
3332.94107	0.08095
3331.97668	0.08094
3331.01228	0.08093
3330.04789	0.08090
3329.08350	0.08086
3328.11911	0.08076
3327.15471	0.08061
3326.19032	0.08046
3325.22593	0.08036
3324.26154	0.08034
3323.29714	0.08038
3322.33275	0.08043
3321.36836	0.08047
3320.40396	0.08049
3319.43957	0.08049
3318.47518	0.08047
3317.51079	0.08044
3316.54639	0.08040
3315.58200	0.08035
3314.61761	0.08031
3313.65322	0.08024
3312.68882	0.08013
3311.72443	0.07995
3310.76004	0.07968
3309.79565	0.07937
3308.83125	0.07906
3307.86686	0.07881
3306.90247	0.07866
3305.93807	0.07864
3304.97368	0.07876
3304.00929	0.07899
3303.04490	0.07926
3302.08050	0.07951
3301.11611	0.07968
3300.15172	0.07978
3299.18733	0.07977
3298.22293	0.07968
3297.25854	0.07951
3296.29415	0.07933
3295.32976	0.07919
3294.36536	0.07913
3293.40097	0.07913
3292.43658	0.07915
3291.47218	0.07923
3290.50779	0.07937
3289.54340	0.07953
3288.57901	0.07965
3287.61461	0.07972
3286.65022	0.07974
3285.68583	0.07977
3284.72144	0.07982
3283.75704	0.07986
3282.79265	0.07988
3281.82826	0.07986
3280.86386	0.07984
3279.89947	0.07981
3278.93508	0.07977
3277.97069	0.07969
3277.00629	0.07959
3276.04190	0.07947
3275.07751	0.07935
3274.11312	0.07921
3273.14872	0.07906
3272.18433	0.07892
3271.21994	0.07884
3270.25555	0.07888
3269.29115	0.07905
3268.32676	0.07929
3267.36237	0.07954
3266.39797	0.07974
3265.43358	0.07987
3264.46919	0.07994
3263.50480	0.07997
3262.54040	0.07998
3261.57601	0.08000
3260.61162	0.07999
3259.64723	0.07994
3258.68283	0.07985
3257.71844	0.07974
3256.75405	0.07965
3255.78966	0.07961
3254.82526	0.07966
3253.86087	0.07975
3252.89648	0.07984
3251.93208	0.07989
3250.96769	0.07989
3250.00330	0.07983
3249.03891	0.07974
3248.07451	0.07967
3247.11012	0.07967
3246.14573	0.07976
3245.18134	0.07992
3244.21694	0.08012
3243.25255	0.08030
3242.28816	0.08045
3241.32377	0.08056
3240.35937	0.08061
3239.39498	0.08060
3238.43059	0.08053
3237.46619	0.08043
3236.50180	0.08031
3235.53741	0.08021
3234.57302	0.08019
3233.60862	0.08027
3232.64423	0.08047
3231.67984	0.08073
3230.71545	0.08098
3229.75105	0.08117
3228.78666	0.08128
3227.82227	0.08133
3226.85788	0.08136
3225.89348	0.08141
3224.92909	0.08149
3223.96470	0.08161
3223.00030	0.08174
3222.03591	0.08185
3221.07152	0.08193
3220.10713	0.08197
3219.14273	0.08201
3218.17834	0.08209
3217.21395	0.08220
3216.24956	0.08231
3215.28516	0.08240
3214.32077	0.08249
3213.35638	0.08260
3212.39199	0.08273
3211.42759	0.08286
3210.46320	0.08296
3209.49881	0.08305
3208.53441	0.08313
3207.57002	0.08322
3206.60563	0.08331
3205.64124	0.08340
3204.67684	0.08351
3203.71245	0.08362
3202.74806	0.08374
3201.78367	0.08386
3200.81927	0.08399
3199.85488	0.08410
3198.89049	0.08420
3197.92610	0.08429
3196.96170	0.08435
3195.99731	0.08439
3195.03292	0.08438
3194.06852	0.08436
3193.10413	0.08433
3192.13974	0.08432
3191.17535	0.08432
3190.21095	0.08434
3189.24656	0.08439
3188.28217	0.08448
3187.31778	0.08461
3186.35338	0.08473
3185.38899	0.08480
3184.42460	0.08479
3183.46021	0.08472
3182.49581	0.08463
3181.53142	0.08457
3180.56703	0.08452
3179.60263	0.08449
3178.63824	0.08446
3177.67385	0.08445
3176.70946	0.08445
3175.74506	0.08446
3174.78067	0.08446
3173.81628	0.08446
3172.85189	0.08446
3171.88749	0.08445
3170.92310	0.08445
3169.95871	0.08444
3168.99432	0.08444
3168.02992	0.08442
3167.06553	0.08440
3166.10114	0.08437
3165.13674	0.08434
3164.17235	0.08432
3163.20796	0.08431
3162.24357	0.08430
3161.27917	0.08429
3160.31478	0.08428
3159.35039	0.08426
3158.38600	0.08422
3157.42160	0.08416
3156.45721	0.08407
3155.49282	0.08395
3154.52843	0.08382
3153.56403	0.08373
3152.59964	0.08371
3151.63525	0.08378
3150.67085	0.08392
3149.70646	0.08408
3148.74207	0.08422
3147.77768	0.08433
3146.81328	0.08441
3145.84889	0.08446
3144.88450	0.08449
3143.92011	0.08448
3142.95571	0.08443
3141.99132	0.08433
3141.02693	0.08421
3140.06254	0.08412
3139.09814	0.08411
3138.13375	0.08418
3137.16936	0.08432
3136.20496	0.08447
3135.24057	0.08459
3134.27618	0.08465
3133.31179	0.08466
3132.34739	0.08465
3131.38300	0.08463
3130.41861	0.08466
3129.45422	0.08477
3128.48982	0.08495
3127.52543	0.08514
3126.56104	0.08528
3125.59664	0.08532
3124.63225	0.08527
3123.66786	0.08516
3122.70347	0.08500
3121.73907	0.08483
3120.77468	0.08471
3119.81029	0.08465
3118.84590	0.08465
3117.88150	0.08468
3116.91711	0.08474
3115.95272	0.08486
3114.98833	0.08504
3114.02393	0.08524
3113.05954	0.08543
3112.09515	0.08556
3111.13075	0.08561
3110.16636	0.08563
3109.20197	0.08565
3108.23758	0.08571
3107.27318	0.08582
3106.30879	0.08595
3105.34440	0.08610
3104.38001	0.08625
3103.41561	0.08637
3102.45122	0.08644
3101.48683	0.08648
3100.52244	0.08653
3099.55804	0.08661
3098.59365	0.08672
3097.62926	0.08684
3096.66486	0.08695
3095.70047	0.08704
3094.73608	0.08711
3093.77169	0.08715
3092.80729	0.08715
3091.84290	0.08714
3090.87851	0.08717
3089.91412	0.08726
3088.94972	0.08739
3087.98533	0.08754
3087.02094	0.08769
3086.05655	0.08782
3085.09215	0.08799
3084.12776	0.08820
3083.16337	0.08846
3082.19897	0.08873
3081.23458	0.08894
3080.27019	0.08911
3079.30580	0.08922
3078.34140	0.08931
3077.37701	0.08942
3076.41262	0.08959
3075.44823	0.08980
3074.48383	0.09005
3073.51944	0.09030
3072.55505	0.09052
3071.59066	0.09071
3070.62626	0.09087
3069.66187	0.09101
3068.69748	0.09116
3067.73308	0.09135
3066.76869	0.09162
3065.80430	0.09195
3064.83991	0.09231
3063.87551	0.09268
3062.91112	0.09305
3061.94673	0.09344
3060.98234	0.09380
3060.01794	0.09413
3059.05355	0.09440
3058.08916	0.09463
3057.12477	0.09487
3056.16037	0.09513
3055.19598	0.09542
3054.23159	0.09574
3053.26719	0.09610
3052.30280	0.09651
3051.33841	0.09697
3050.37402	0.09749
3049.40962	0.09802
3048.44523	0.09847
3047.48084	0.09882
3046.51645	0.09910
3045.55205	0.09938
3044.58766	0.09970
3043.62327	0.10009
3042.65888	0.10056
3041.69448	0.10112
3040.73009	0.10176
3039.76570	0.10245
3038.80130	0.10315
3037.83691	0.10382
3036.87252	0.10444
3035.90813	0.10501
3034.94373	0.10560
3033.97934	0.10625
3033.01495	0.10696
3032.05056	0.10771
3031.08616	0.10845
3030.12177	0.10920
3029.15738	0.10998
3028.19299	0.11079
3027.22859	0.11162
3026.26420	0.11243
3025.29981	0.11325
3024.33541	0.11410
3023.37102	0.11498
3022.40663	0.11589
3021.44224	0.11679
3020.47784	0.11770
3019.51345	0.11862
3018.54906	0.11960
3017.58467	0.12064
3016.62027	0.12175
3015.65588	0.12295
3014.69149	0.12426
3013.72710	0.12567
3012.76270	0.12716
3011.79831	0.12873
3010.83392	0.13040
3009.86952	0.13219
3008.90513	0.13409
3007.94074	0.13609
3006.97635	0.13817
3006.01195	0.14033
3005.04756	0.14255
3004.08317	0.14484
3003.11878	0.14724
3002.15438	0.14977
3001.18999	0.15247
3000.22560	0.15534
2999.26121	0.15840
2998.29681	0.16175
2997.33242	0.16555
2996.36803	0.16987
2995.40363	0.17450
2994.43924	0.17928
2993.47485	0.18430
2992.51046	0.18989
2991.54606	0.19632
2990.58167	0.20359
2989.61728	0.21160
2988.65289	0.22033
2987.68849	0.22985
2986.72410	0.24027
2985.75971	0.25178
2984.79532	0.26451
2983.83092	0.27854
2982.86653	0.29403
2981.90214	0.31135
2980.93774	0.33093
2979.97335	0.35321
2979.00896	0.37868
2978.04457	0.40778
2977.08017	0.44087
2976.11578	0.47840
2975.15139	0.52118
2974.18700	0.57018
2973.22260	0.62609
2972.25821	0.68916
2971.29382	0.75953
2970.32943	0.83719
2969.36503	0.92174
2968.40064	1.01216
2967.43625	1.10647
2966.47185	1.20156
2965.50746	1.29321
2964.54307	1.37656
2963.57868	1.44717
2962.61428	1.50195
2961.64989	1.53819
2960.68550	1.55232
2959.72111	1.54120
2958.75671	1.50472
2957.79232	1.44632
2956.82793	1.37214
2955.86353	1.28956
2954.89914	1.20569
2953.93475	1.12674
2952.97036	1.05789
2952.00596	1.00199
2951.04157	0.95882
2950.07718	0.92648
2949.11279	0.90342
2948.14839	0.88918
2947.18400	0.88384
2946.21961	0.88719
2945.25522	0.89851
2944.29082	0.91734
2943.32643	0.94362
2942.36204	0.97681
2941.39764	1.01569
2940.43325	1.05911
2939.46886	1.10600
2938.50447	1.15464
2937.54007	1.20187
2936.57568	1.24312
2935.61129	1.27336
2934.64690	1.28860
2933.68250	1.28724
2932.71811	1.27044
2931.75372	1.24132
2930.78933	1.20389
2929.82493	1.16184
2928.86054	1.11746
2927.89615	1.07161
2926.93175	1.02490
2925.96736	0.97844
2925.00297	0.93368
2924.03858	0.89202
2923.07418	0.85458
2922.10979	0.82211
2921.14540	0.79487
2920.18101	0.77278
2919.21661	0.75555
2918.25222	0.74266
2917.28783	0.73328
2916.32344	0.72621
2915.35904	0.72003
2914.39465	0.71345
2913.43026	0.70554
2912.46586	0.69566
2911.50147	0.68350
2910.53708	0.66925
2909.57269	0.65359
2908.60829	0.63734
2907.64390	0.62121
2906.67951	0.60572
2905.71512	0.59128
2904.75072	0.57810
2903.78633	0.56614
2902.82194	0.55502
2901.85755	0.54427
2900.89315	0.53357
2899.92876	0.52295
2898.96437	0.51265
2897.99997	0.50293
2897.03558	0.49403
2896.07119	0.48620
2895.10680	0.47959
2894.14240	0.47418
2893.17801	0.46999
2892.21362	0.46729
2891.24923	0.46646
2890.28483	0.46785
2889.32044	0.47171
2888.35605	0.47829
2887.39166	0.48792
2886.42726	0.50102
2885.46287	0.51815
2884.49848	0.53989
2883.53408	0.56683
2882.56969	0.59960
2881.60530	0.63898
2880.64091	0.68584
2879.67651	0.74093
2878.71212	0.80421
2877.74773	0.87363
2876.78334	0.94390
2875.81894	1.00658
2874.85455	1.05316
2873.89016	1.07995
2872.92577	1.09014
2871.96137	1.09082
2870.99698	1.08913
2870.03259	1.09007
2869.06819	1.09549
2868.10380	1.10423
2867.13941	1.11353
2866.17502	1.12047
2865.21062	1.12270
2864.24623	1.11891
2863.28184	1.10899
2862.31745	1.09373
2861.35305	1.07455
2860.38866	1.05358
2859.42427	1.03269
2858.45988	1.01210
2857.49548	0.99069
2856.53109	0.96755
2855.56670	0.94237
2854.60230	0.91507
2853.63791	0.88566
2852.67352	0.85450
2851.70913	0.82216
2850.74473	0.78930
2849.78034	0.75656
2848.81595	0.72461
2847.85156	0.69396
2846.88716	0.66452
2845.92277	0.63545
2844.95838	0.60587
2843.99399	0.57542
2843.02959	0.54427
2842.06520	0.51295
2841.10081	0.48211
2840.13641	0.45257
2839.17202	0.42522
2838.20763	0.40063
2837.24324	0.37875
2836.27884	0.35912
2835.31445	0.34141
2834.35006	0.32553
2833.38567	0.31135
2832.42127	0.29862
2831.45688	0.28706
2830.49249	0.27642
2829.52810	0.26648
2828.56370	0.25710
2827.59931	0.24823
2826.63492	0.23988
2825.67052	0.23207
2824.70613	0.22485
2823.74174	0.21825
2822.77735	0.21232
2821.81295	0.20704
2820.84856	0.20239
2819.88417	0.19834
2818.91978	0.19487
2817.95538	0.19193
2816.99099	0.18950
2816.02660	0.18754
2815.06221	0.18605
2814.09781	0.18501
2813.13342	0.18438
2812.16903	0.18417
2811.20463	0.18442
2810.24024	0.18529
2809.27585	0.18692
2808.31146	0.18936
2807.34706	0.19258
2806.38267	0.19656
2805.41828	0.20131
2804.45389	0.20677
2803.48949	0.21282
2802.52510	0.21923
2801.56071	0.22570
2800.59632	0.23183
2799.63192	0.23726
2798.66753	0.24168
2797.70314	0.24482
2796.73874	0.24635
2795.77435	0.24610
2794.80996	0.24411
2793.84557	0.24057
2792.88117	0.23573
2791.91678	0.22991
2790.95239	0.22342
2789.98800	0.21657
2789.02360	0.20962
2788.05921	0.20278
2787.09482	0.19611
2786.13042	0.18962
2785.16603	0.18337
2784.20164	0.17745
2783.23725	0.17196
2782.27285	0.16692
2781.30846	0.16235
2780.34407	0.15824
2779.37968	0.15454
2778.41528	0.15123
2777.45089	0.14822
2776.48650	0.14548
2775.52211	0.14304
2774.55771	0.14090
2773.59332	0.13903
2772.62893	0.13732
2771.66453	0.13570
2770.70014	0.13416
2769.73575	0.13269
2768.77136	0.13129
2767.80696	0.12997
2766.84257	0.12875
2765.87818	0.12762
2764.91379	0.12660
2763.94939	0.12569
2762.98500	0.12490
2762.02061	0.12422
2761.05622	0.12364
2760.09182	0.12317
2759.12743	0.12282
2758.16304	0.12259
2757.19864	0.12248
2756.23425	0.12248
2755.26986	0.12259
2754.30547	0.12276
2753.34107	0.12297
2752.37668	0.12318
2751.41229	0.12340
2750.44790	0.12364
2749.48350	0.12392
2748.51911	0.12428
2747.55472	0.12472
2746.59033	0.12529
2745.62593	0.12600
2744.66154	0.12681
2743.69715	0.12771
2742.73275	0.12867
2741.76836	0.12963
2740.80397	0.13057
2739.83958	0.13143
2738.87518	0.13219
2737.91079	0.13286
2736.94640	0.13346
2735.98201	0.13398
2735.01761	0.13437
2734.05322	0.13455
2733.08883	0.13447
2732.12444	0.13410
2731.16004	0.13344
2730.19565	0.13254
2729.23126	0.13146
2728.26686	0.13025
2727.30247	0.12900
2726.33808	0.12780
2725.37369	0.12670
2724.40929	0.12571
2723.44490	0.12481
2722.48051	0.12401
2721.51612	0.12335
2720.55172	0.12283
2719.58733	0.12240
2718.62294	0.12206
2717.65855	0.12177
2716.69415	0.12150
2715.72976	0.12123
2714.76537	0.12093
2713.80097	0.12056
2712.83658	0.12013
2711.87219	0.11964
2710.90780	0.11910
2709.94340	0.11855
2708.97901	0.11803
2708.01462	0.11758
2707.05023	0.11723
2706.08583	0.11699
2705.12144	0.11686
2704.15705	0.11681
2703.19266	0.11677
2702.22826	0.11667
2701.26387	0.11643
2700.29948	0.11604
2699.33508	0.11551
2698.37069	0.11487
2697.40630	0.11419
2696.44191	0.11348
2695.47751	0.11276
2694.51312	0.11205
2693.54873	0.11134
2692.58434	0.11062
2691.61994	0.10989
2690.65555	0.10915
2689.69116	0.10840
2688.72677	0.10768
2687.76237	0.10697
2686.79798	0.10630
2685.83359	0.10565
2684.86919	0.10503
2683.90480	0.10440
2682.94041	0.10373
2681.97602	0.10302
2681.01162	0.10230
2680.04723	0.10157
2679.08284	0.10086
2678.11845	0.10015
2677.15405	0.09948
2676.18966	0.09885
2675.22527	0.09826
2674.26088	0.09771
2673.29648	0.09723
2672.33209	0.09684
2671.36770	0.09653
2670.40330	0.09626
2669.43891	0.09601
2668.47452	0.09581
2667.51013	0.09565
2666.54573	0.09551
2665.58134	0.09538
2664.61695	0.09526
2663.65256	0.09512
2662.68816	0.09497
2661.72377	0.09483
2660.75938	0.09470
2659.79499	0.09458
2658.83059	0.09447
2657.86620	0.09434
2656.90181	0.09420
2655.93741	0.09402
2654.97302	0.09381
2654.00863	0.09357
2653.04424	0.09332
2652.07984	0.09303
2651.11545	0.09273
2650.15106	0.09242
2649.18667	0.09213
2648.22227	0.09186
2647.25788	0.09164
2646.29349	0.09146
2645.32910	0.09133
2644.36470	0.09123
2643.40031	0.09115
2642.43592	0.09107
2641.47152	0.09100
2640.50713	0.09093
2639.54274	0.09087
2638.57835	0.09082
2637.61395	0.09080
2636.64956	0.09080
2635.68517	0.09078
2634.72078	0.09076
2633.75638	0.09074
2632.79199	0.09076
2631.82760	0.09079
2630.86321	0.09082
2629.89881	0.09084
2628.93442	0.09085
2627.97003	0.09085
2627.00563	0.09084
2626.04124	0.09084
2625.07685	0.09084
2624.11246	0.09085
2623.14806	0.09085
2622.18367	0.09082
2621.21928	0.09077
2620.25489	0.09071
2619.29049	0.09063
2618.32610	0.09055
2617.36171	0.09047
2616.39731	0.09040
2615.43292	0.09034
2614.46853	0.09028
2613.50414	0.09020
2612.53974	0.09012
2611.57535	0.09006
2610.61096	0.09001
2609.64657	0.08998
2608.68217	0.08997
2607.71778	0.08996
2606.75339	0.08998
2605.78900	0.09000
2604.82460	0.09004
2603.86021	0.09009
2602.89582	0.09016
2601.93142	0.09026
2600.96703	0.09037
2600.00264	0.09048
2599.03825	0.09060
2598.07385	0.09072
2597.10946	0.09085
2596.14507	0.09096
2595.18068	0.09107
2594.21628	0.09116
2593.25189	0.09124
2592.28750	0.09130
2591.32311	0.09134
2590.35871	0.09135
2589.39432	0.09135
2588.42993	0.09131
2587.46553	0.09126
2586.50114	0.09116
2585.53675	0.09104
2584.57236	0.09088
2583.60796	0.09068
2582.64357	0.09045
2581.67918	0.09018
2580.71479	0.08987
2579.75039	0.08953
2578.78600	0.08915
2577.82161	0.08875
2576.85722	0.08834
2575.89282	0.08794
2574.92843	0.08755
2573.96404	0.08719
2572.99964	0.08684
2572.03525	0.08650
2571.07086	0.08617
2570.10647	0.08587
2569.14207	0.08559
2568.17768	0.08534
2567.21329	0.08510
2566.24890	0.08488
2565.28450	0.08468
2564.32011	0.08450
2563.35572	0.08435
2562.39133	0.08422
2561.42693	0.08409
2560.46254	0.08398
2559.49815	0.08387
2558.53375	0.08377
2557.56936	0.08366
2556.60497	0.08355
2555.64058	0.08344
2554.67618	0.08332
2553.71179	0.08321
2552.74740	0.08309
2551.78301	0.08298
2550.81861	0.08286
2549.85422	0.08275
2548.88983	0.08264
2547.92544	0.08255
2546.96104	0.08245
2545.99665	0.08236
2545.03226	0.08227
2544.06786	0.08218
2543.10347	0.08211
2542.13908	0.08205
2541.17469	0.08199
2540.21029	0.08193
2539.24590	0.08188
2538.28151	0.08183
2537.31712	0.08177
2536.35272	0.08172
2535.38833	0.08167
2534.42394	0.08163
2533.45955	0.08159
2532.49515	0.08153
2531.53076	0.08148
2530.56637	0.08144
2529.60197	0.08141
2528.63758	0.08140
2527.67319	0.08139
2526.70880	0.08137
2525.74440	0.08135
2524.78001	0.08134
2523.81562	0.08133
2522.85123	0.08133
2521.88683	0.08132
2520.92244	0.08131
2519.95805	0.08129
2518.99366	0.08127
2518.02926	0.08125
2517.06487	0.08123
2516.10048	0.08120
2515.13608	0.08117
2514.17169	0.08114
2513.20730	0.08111
2512.24291	0.08110
2511.27851	0.08109
2510.31412	0.08108
2509.34973	0.08108
2508.38534	0.08107
2507.42094	0.08106
2506.45655	0.08105
2505.49216	0.08105
2504.52777	0.08105
2503.56337	0.08105
2502.59898	0.08104
2501.63459	0.08102
2500.67019	0.08102
2499.70580	0.08101
2498.74141	0.08101
2497.77702	0.08101
2496.81262	0.08101
2495.84823	0.08101
2494.88384	0.08102
2493.91945	0.08103
2492.95505	0.08105
2491.99066	0.08107
2491.02627	0.08109
2490.06188	0.08111
2489.09748	0.08111
2488.13309	0.08111
2487.16870	0.08110
2486.20430	0.08109
2485.23991	0.08109
2484.27552	0.08108
2483.31113	0.08108
2482.34673	0.08108
2481.38234	0.08108
2480.41795	0.08108
2479.45356	0.08108
2478.48916	0.08108
2477.52477	0.08107
2476.56038	0.08105
2475.59599	0.08103
2474.63159	0.08101
2473.66720	0.08101
2472.70281	0.08101
2471.73841	0.08102
2470.77402	0.08101
2469.80963	0.08101
2468.84524	0.08101
2467.88084	0.08102
2466.91645	0.08105
2465.95206	0.08107
2464.98767	0.08110
2464.02327	0.08113
2463.05888	0.08115
2462.09449	0.08118
2461.13010	0.08121
2460.16570	0.08125
2459.20131	0.08128
2458.23692	0.08132
2457.27252	0.08135
2456.30813	0.08138
2455.34374	0.08142
2454.37935	0.08145
2453.41495	0.08148
2452.45056	0.08151
2451.48617	0.08155
2450.52178	0.08159
2449.55738	0.08164
2448.59299	0.08169
2447.62860	0.08174
2446.66420	0.08178
2445.69981	0.08183
2444.73542	0.08187
2443.77103	0.08192
2442.80663	0.08196
2441.84224	0.08202
2440.87785	0.08207
2439.91346	0.08212
2438.94906	0.08217
2437.98467	0.08221
2437.02028	0.08225
2436.05589	0.08230
2435.09149	0.08234
2434.12710	0.08239
2433.16271	0.08243
2432.19831	0.08245
2431.23392	0.08248
2430.26953	0.08250
2429.30514	0.08251
2428.34074	0.08252
2427.37635	0.08253
2426.41196	0.08254
2425.44757	0.08257
2424.48317	0.08261
2423.51878	0.08265
2422.55439	0.08269
2421.59000	0.08274
2420.62560	0.08280
2419.66121	0.08285
2418.69682	0.08291
2417.73242	0.08296
2416.76803	0.08301
2415.80364	0.08306
2414.83925	0.08310
2413.87485	0.08312
2412.91046	0.08314
2411.94607	0.08315
2410.98168	0.08317
2410.01728	0.08319
2409.05289	0.08322
2408.08850	0.08325
2407.12411	0.08330
2406.15971	0.08335
2405.19532	0.08342
2404.23093	0.08349
2403.26653	0.08355
2402.30214	0.08362
2401.33775	0.08369
2400.37336	0.08373
2399.40896	0.08377
2398.44457	0.08378
2397.48018	0.08378
2396.51579	0.08377
2395.55139	0.08376
2394.58700	0.08375
2393.62261	0.08374
2392.65822	0.08374
2391.69382	0.08376
2390.72943	0.08381
2389.76504	0.08391
2388.80064	0.08406
2387.83625	0.08431
2386.87186	0.08465
2385.90747	0.08510
2384.94307	0.08565
2383.97868	0.08628
2383.01429	0.08697
2382.04990	0.08765
2381.08550	0.08829
2380.12111	0.08881
2379.15672	0.08916
2378.19233	0.08933
2377.22793	0.08931
2376.26354	0.08914
2375.29915	0.08886
2374.33475	0.08853
2373.37036	0.08819
2372.40597	0.08783
2371.44158	0.08742
2370.47718	0.08693
2369.51279	0.08635
2368.54840	0.08574
2367.58401	0.08518
2366.61961	0.08472
2365.65522	0.08433
2364.69083	0.08398
2363.72644	0.08369
2362.76204	0.08350
2361.79765	0.08343
2360.83326	0.08340
2359.86886	0.08330
2358.90447	0.08310
2357.94008	0.08291
2356.97569	0.08289
2356.01129	0.08313
2355.04690	0.08367
2354.08251	0.08448
2353.11812	0.08549
2352.15372	0.08658
2351.18933	0.08756
2350.22494	0.08823
2349.26055	0.08855
2348.29615	0.08855
2347.33176	0.08826
2346.36737	0.08767
2345.40297	0.08683
2344.43858	0.08581
2343.47419	0.08474
2342.50980	0.08380
2341.54540	0.08312
2340.58101	0.08275
2339.61662	0.08263
2338.65223	0.08268
2337.68783	0.08282
2336.72344	0.08298
2335.75905	0.08319
2334.79466	0.08355
2333.83026	0.08414
2332.86587	0.08487
2331.90148	0.08560
2330.93708	0.08619
2329.97269	0.08660
2329.00830	0.08688
2328.04391	0.08718
2327.07951	0.08762
2326.11512	0.08823
2325.15073	0.08894
2324.18634	0.08960
2323.22194	0.09003
2322.25755	0.09016
2321.29316	0.09002
2320.32877	0.08973
2319.36437	0.08944
2318.39998	0.08926
2317.43559	0.08922
2316.47119	0.08932
2315.50680	0.08955
2314.54241	0.08985
2313.57802	0.09014
2312.61362	0.09036
2311.64923	0.09045
2310.68484	0.09041
2309.72045	0.09027
2308.75605	0.09005
2307.79166	0.08976
2306.82727	0.08941
2305.86288	0.08904
2304.89848	0.08867
2303.93409	0.08835
2302.96970	0.08807
2302.00530	0.08782
2301.04091	0.08760
2300.07652	0.08739
2299.11213	0.08719
2298.14773	0.08698
2297.18334	0.08677
2296.21895	0.08655
2295.25456	0.08634
2294.29016	0.08615
2293.32577	0.08599
2292.36138	0.08585
2291.39699	0.08572
2290.43259	0.08559
2289.46820	0.08545
2288.50381	0.08531
2287.53941	0.08518
2286.57502	0.08505
2285.61063	0.08494
2284.64624	0.08486
2283.68184	0.08482
2282.71745	0.08479
2281.75306	0.08477
2280.78867	0.08474
2279.82427	0.08468
2278.85988	0.08460
2277.89549	0.08451
2276.93109	0.08440
2275.96670	0.08430
2275.00231	0.08419
2274.03792	0.08410
2273.07352	0.08401
2272.10913	0.08394
2271.14474	0.08388
2270.18035	0.08384
2269.21595	0.08380
2268.25156	0.08377
2267.28717	0.08375
2266.32278	0.08372
2265.35838	0.08369
2264.39399	0.08367
2263.42960	0.08364
2262.46520	0.08361
2261.50081	0.08358
2260.53642	0.08355
2259.57203	0.08351
2258.60763	0.08348
2257.64324	0.08344
2256.67885	0.08339
2255.71446	0.08333
2254.75006	0.08327
2253.78567	0.08322
2252.82128	0.08319
2251.85689	0.08320
2250.89249	0.08325
2249.92810	0.08328
2248.96371	0.08323
2247.99931	0.08312
2247.03492	0.08301
2246.07053	0.08291
2245.10614	0.08282
2244.14174	0.08275
2243.17735	0.08268
2242.21296	0.08261
2241.24857	0.08255
2240.28417	0.08249
2239.31978	0.08244
2238.35539	0.08241
2237.39100	0.08237
2236.42660	0.08233
2235.46221	0.08231
2234.49782	0.08230
2233.53342	0.08230
2232.56903	0.08230
2231.60464	0.08231
2230.64025	0.08232
2229.67585	0.08234
2228.71146	0.08235
2227.74707	0.08236
2226.78268	0.08236
2225.81828	0.08237
2224.85389	0.08237
2223.88950	0.08238
2222.92511	0.08239
2221.96071	0.08239
2220.99632	0.08239
2220.03193	0.08239
2219.06753	0.08240
2218.10314	0.08241
2217.13875	0.08242
2216.17436	0.08243
2215.20996	0.08244
2214.24557	0.08245
2213.28118	0.08245
2212.31679	0.08245
2211.35239	0.08244
2210.38800	0.08243
2209.42361	0.08241
2208.45922	0.08241
2207.49482	0.08242
2206.53043	0.08245
2205.56604	0.08247
2204.60164	0.08247
2203.63725	0.08248
2202.67286	0.08249
2201.70847	0.08250
2200.74407	0.08252
2199.77968	0.08253
2198.81529	0.08254
2197.85090	0.08255
2196.88650	0.08256
2195.92211	0.08258
2194.95772	0.08259
2193.99333	0.08260
2193.02893	0.08260
2192.06454	0.08259
2191.10015	0.08258
2190.13575	0.08257
2189.17136	0.08256
2188.20697	0.08255
2187.24258	0.08255
2186.27818	0.08253
2185.31379	0.08250
2184.34940	0.08247
2183.38501	0.08247
2182.42061	0.08248
2181.45622	0.08250
2180.49183	0.08252
2179.52744	0.08255
2178.56304	0.08259
2177.59865	0.08265
2176.63426	0.08271
2175.66986	0.08276
2174.70547	0.08280
2173.74108	0.08285
2172.77669	0.08288
2171.81229	0.08289
2170.84790	0.08290
2169.88351	0.08289
2168.91912	0.08287
2167.95472	0.08286
2166.99033	0.08285
2166.02594	0.08283
2165.06155	0.08281
2164.09715	0.08280
2163.13276	0.08278
2162.16837	0.08275
2161.20397	0.08268
2160.23958	0.08260
2159.27519	0.08252
2158.31080	0.08246
2157.34640	0.08240
2156.38201	0.08236
2155.41762	0.08232
2154.45323	0.08228
2153.48883	0.08226
2152.52444	0.08225
2151.56005	0.08223
2150.59566	0.08222
2149.63126	0.08223
2148.66687	0.08227
2147.70248	0.08233
2146.73808	0.08240
2145.77369	0.08242
2144.80930	0.08237
2143.84491	0.08231
2142.88051	0.08235
2141.91612	0.08249
2140.95173	0.08269
2139.98734	0.08286
2139.02294	0.08300
2138.05855	0.08313
2137.09416	0.08325
2136.12977	0.08333
2135.16537	0.08333
2134.20098	0.08330
2133.23659	0.08331
2132.27219	0.08335
2131.30780	0.08342
2130.34341	0.08348
2129.37902	0.08355
2128.41462	0.08361
2127.45023	0.08369
2126.48584	0.08378
2125.52145	0.08387
2124.55705	0.08396
2123.59266	0.08406
2122.62827	0.08416
2121.66388	0.08427
2120.69948	0.08437
2119.73509	0.08446
2118.77070	0.08456
2117.80630	0.08469
2116.84191	0.08486
2115.87752	0.08505
2114.91313	0.08516
2113.94873	0.08517
2112.98434	0.08513
2112.01995	0.08513
2111.05556	0.08519
2110.09116	0.08529
2109.12677	0.08541
2108.16238	0.08555
2107.19798	0.08569
2106.23359	0.08583
2105.26920	0.08598
2104.30481	0.08613
2103.34041	0.08627
2102.37602	0.08642
2101.41163	0.08656
2100.44724	0.08668
2099.48284	0.08678
2098.51845	0.08686
2097.55406	0.08692
2096.58967	0.08697
2095.62527	0.08701
2094.66088	0.08705
2093.69649	0.08709
2092.73209	0.08715
2091.76770	0.08722
2090.80331	0.08729
2089.83892	0.08736
2088.87452	0.08741
2087.91013	0.08743
2086.94574	0.08745
2085.98135	0.08746
2085.01695	0.08747
2084.05256	0.08750
2083.08817	0.08754
2082.12378	0.08758
2081.15938	0.08761
2080.19499	0.08762
2079.23060	0.08762
2078.26620	0.08759
2077.30181	0.08754
2076.33742	0.08745
2075.37303	0.08736
2074.40863	0.08726
2073.44424	0.08715
2072.47985	0.08704
2071.51546	0.08693
2070.55106	0.08684
2069.58667	0.08677
2068.62228	0.08671
2067.65789	0.08666
2066.69349	0.08661
2065.72910	0.08656
2064.76471	0.08652
2063.80031	0.08650
2062.83592	0.08651
2061.87153	0.08654
2060.90714	0.08654
2059.94274	0.08650
2058.97835	0.08643
2058.01396	0.08634
2057.04957	0.08626
2056.08517	0.08619
2055.12078	0.08614
2054.15639	0.08610
2053.19200	0.08606
2052.22760	0.08603
2051.26321	0.08599
2050.29882	0.08596
2049.33442	0.08594
2048.37003	0.08593
2047.40564	0.08594
2046.44125	0.08596
2045.47685	0.08598
2044.51246	0.08599
2043.54807	0.08597
2042.58368	0.08592
2041.61928	0.08587
2040.65489	0.08583
2039.69050	0.08582
2038.72611	0.08583
2037.76171	0.08586
2036.79732	0.08588
2035.83293	0.08589
2034.86853	0.08587
2033.90414	0.08585
2032.93975	0.08580
2031.97536	0.08575
2031.01096	0.08570
2030.04657	0.08563
2029.08218	0.08555
2028.11779	0.08545
2027.15339	0.08532
2026.18900	0.08519
2025.22461	0.08507
2024.26022	0.08497
2023.29582	0.08488
2022.33143	0.08478
2021.36704	0.08468
2020.40264	0.08458
2019.43825	0.08448
2018.47386	0.08439
2017.50947	0.08429
2016.54507	0.08422
2015.58068	0.08417
2014.61629	0.08416
2013.65190	0.08416
2012.68750	0.08417
2011.72311	0.08420
2010.75872	0.08425
2009.79433	0.08430
2008.82993	0.08433
2007.86554	0.08433
2006.90115	0.08430
2005.93675	0.08423
2004.97236	0.08417
2004.00797	0.08413
2003.04358	0.08411
2002.07918	0.08410
2001.11479	0.08409
2000.15040	0.08409
1999.18601	0.08408
1998.22161	0.08409
1997.25722	0.08412
1996.29283	0.08418
1995.32844	0.08426
1994.36404	0.08435
1993.39965	0.08439
1992.43526	0.08435
1991.47086	0.08425
1990.50647	0.08415
1989.54208	0.08408
1988.57769	0.08403
1987.61329	0.08399
1986.64890	0.08398
1985.68451	0.08399
1984.72012	0.08401
1983.75572	0.08404
1982.79133	0.08408
1981.82694	0.08413
1980.86255	0.08418
1979.89815	0.08424
1978.93376	0.08431
1977.96937	0.08439
1977.00497	0.08447
1976.04058	0.08454
1975.07619	0.08461
1974.11180	0.08468
1973.14740	0.08476
1972.18301	0.08483
1971.21862	0.08491
1970.25423	0.08499
1969.28983	0.08506
1968.32544	0.08510
1967.36105	0.08510
1966.39666	0.08508
1965.43226	0.08507
1964.46787	0.08508
1963.50348	0.08513
1962.53908	0.08522
1961.57469	0.08535
1960.61030	0.08551
1959.64591	0.08566
1958.68151	0.08575
1957.71712	0.08574
1956.75273	0.08565
1955.78834	0.08552
1954.82394	0.08541
1953.85955	0.08535
1952.89516	0.08535
1951.93077	0.08538
1950.96637	0.08543
1950.00198	0.08548
1949.03759	0.08551
1948.07319	0.08552
1947.10880	0.08553
1946.14441	0.08557
1945.18002	0.08563
1944.21562	0.08570
1943.25123	0.08573
1942.28684	0.08569
1941.32245	0.08561
1940.35805	0.08552
1939.39366	0.08544
1938.42927	0.08537
1937.46487	0.08530
1936.50048	0.08525
1935.53609	0.08520
1934.57170	0.08516
1933.60730	0.08512
1932.64291	0.08508
1931.67852	0.08502
1930.71413	0.08495
1929.74973	0.08488
1928.78534	0.08482
1927.82095	0.08476
1926.85656	0.08472
1925.89216	0.08467
1924.92777	0.08462
1923.96338	0.08455
1922.99898	0.08447
1922.03459	0.08443
1921.07020	0.08446
1920.10581	0.08449
1919.14141	0.08447
1918.17702	0.08437
1917.21263	0.08425
1916.24824	0.08418
1915.28384	0.08414
1914.31945	0.08411
1913.35506	0.08408
1912.39067	0.08405
1911.42627	0.08401
1910.46188	0.08394
1909.49749	0.08388
1908.53309	0.08385
1907.56870	0.08383
1906.60431	0.08383
1905.63992	0.08382
1904.67552	0.08381
1903.71113	0.08379
1902.74674	0.08377
1901.78235	0.08374
1900.81795	0.08371
1899.85356	0.08368
1898.88917	0.08366
1897.92478	0.08365
1896.96038	0.08365
1895.99599	0.08364
1895.03160	0.08363
1894.06720	0.08364
1893.10281	0.08366
1892.13842	0.08367
1891.17403	0.08364
1890.20963	0.08354
1889.24524	0.08341
1888.28085	0.08332
1887.31646	0.08330
1886.35206	0.08332
1885.38767	0.08332
1884.42328	0.08330
1883.45889	0.08326
1882.49449	0.08322
1881.53010	0.08319
1880.56571	0.08317
1879.60131	0.08318
1878.63692	0.08322
1877.67253	0.08329
1876.70814	0.08338
1875.74374	0.08348
1874.77935	0.08361
1873.81496	0.08379
1872.85057	0.08400
1871.88617	0.08422
1870.92178	0.08436
1869.95739	0.08434
1868.99300	0.08420
1868.02860	0.08404
1867.06421	0.08394
1866.09982	0.08391
1865.13542	0.08394
1864.17103	0.08401
1863.20664	0.08411
1862.24225	0.08421
1861.27785	0.08434
1860.31346	0.08447
1859.34907	0.08458
1858.38468	0.08466
1857.42028	0.08470
1856.45589	0.08471
1855.49150	0.08471
1854.52711	0.08470
1853.56271	0.08468
1852.59832	0.08464
1851.63393	0.08461
1850.66953	0.08459
1849.70514	0.08465
1848.74075	0.08481
1847.77636	0.08506
1846.81196	0.08532
1845.84757	0.08542
1844.88318	0.08524
1843.91879	0.08485
1842.95439	0.08450
1841.99000	0.08432
1841.02561	0.08427
1840.06122	0.08427
1839.09682	0.08428
1838.13243	0.08424
1837.16804	0.08416
1836.20364	0.08404
1835.23925	0.08390
1834.27486	0.08377
1833.31047	0.08366
1832.34607	0.08359
1831.38168	0.08354
1830.41729	0.08352
1829.45290	0.08357
1828.48850	0.08374
1827.52411	0.08400
1826.55972	0.08422
1825.59533	0.08431
1824.63093	0.08425
1823.66654	0.08411
1822.70215	0.08395
1821.73775	0.08379
1820.77336	0.08366
1819.80897	0.08355
1818.84458	0.08346
1817.88018	0.08340
1816.91579	0.08338
1815.95140	0.08340
1814.98701	0.08345
1814.02261	0.08348
1813.05822	0.08347
1812.09383	0.08340
1811.12944	0.08333
1810.16504	0.08330
1809.20065	0.08333
1808.23626	0.08344
1807.27186	0.08361
1806.30747	0.08385
1805.34308	0.08419
1804.37869	0.08462
1803.41429	0.08506
1802.44990	0.08535
1801.48551	0.08538
1800.52112	0.08516
1799.55672	0.08483
1798.59233	0.08456
1797.62794	0.08442
1796.66355	0.08441
1795.69915	0.08447
1794.73476	0.08454
1793.77037	0.08456
1792.80597	0.08453
1791.84158	0.08449
1790.87719	0.08447
1789.91280	0.08450
1788.94840	0.08458
1787.98401	0.08473
1787.01962	0.08491
1786.05523	0.08506
1785.09083	0.08508
1784.12644	0.08491
1783.16205	0.08462
1782.19766	0.08432
1781.23326	0.08409
1780.26887	0.08398
1779.30448	0.08402
1778.34008	0.08417
1777.37569	0.08438
1776.41130	0.08454
1775.44691	0.08461
1774.48251	0.08455
1773.51812	0.08442
1772.55373	0.08433
1771.58934	0.08443
1770.62494	0.08482
1769.66055	0.08542
1768.69616	0.08597
1767.73176	0.08626
1766.76737	0.08626
1765.80298	0.08611
1764.83859	0.08594
1763.87419	0.08580
1762.90980	0.08569
1761.94541	0.08563
1760.98102	0.08567
1760.01662	0.08582
1759.05223	0.08606
1758.08784	0.08636
1757.12345	0.08667
1756.15905	0.08701
1755.19466	0.08741
1754.23027	0.08787
1753.26587	0.08834
1752.30148	0.08872
1751.33709	0.08889
1750.37270	0.08888
1749.40830	0.08879
1748.44391	0.08875
1747.47952	0.08887
1746.51513	0.08919
1745.55073	0.08972
1744.58634	0.09037
1743.62195	0.09107
1742.65756	0.09178
1741.69316	0.09248
1740.72877	0.09324
1739.76438	0.09409
1738.79998	0.09508
1737.83559	0.09614
1736.87120	0.09708
1735.90681	0.09775
1734.94241	0.09807
1733.97802	0.09815
1733.01363	0.09816
1732.04924	0.09814
1731.08484	0.09797
1730.12045	0.09755
1729.15606	0.09690
1728.19167	0.09614
1727.22727	0.09535
1726.26288	0.09462
1725.29849	0.09400
1724.33409	0.09353
1723.36970	0.09323
1722.40531	0.09310
1721.44092	0.09312
1720.47652	0.09323
1719.51213	0.09335
1718.54774	0.09344
1717.58335	0.09349
1716.61895	0.09351
1715.65456	0.09342
1714.69017	0.09320
1713.72578	0.09289
1712.76138	0.09255
1711.79699	0.09219
1710.83260	0.09178
1709.86820	0.09135
1708.90381	0.09092
1707.93942	0.09055
1706.97503	0.09030
1706.01063	0.09024
1705.04624	0.09044
1704.08185	0.09084
1703.11746	0.09128
1702.15306	0.09159
1701.18867	0.09159
1700.22428	0.09132
1699.25989	0.09088
1698.29549	0.09037
1697.33110	0.08978
1696.36671	0.08916
1695.40231	0.08869
1694.43792	0.08858
1693.47353	0.08876
1692.50914	0.08905
1691.54474	0.08930
1690.58035	0.08949
1689.61596	0.08957
1688.65157	0.08953
1687.68717	0.08932
1686.72278	0.08892
1685.75839	0.08839
1684.79400	0.08791
1683.82960	0.08774
1682.86521	0.08799
1681.90082	0.08853
1680.93642	0.08910
1679.97203	0.08949
1679.00764	0.08963
1678.04325	0.08956
1677.07885	0.08933
1676.11446	0.08903
1675.15007	0.08878
1674.18568	0.08870
1673.22128	0.08875
1672.25689	0.08881
1671.29250	0.08882
1670.32811	0.08876
1669.36371	0.08868
1668.39932	0.08867
1667.43493	0.08878
1666.47053	0.08895
1665.50614	0.08910
1664.54175	0.08917
1663.57736	0.08921
1662.61296	0.08932
1661.64857	0.08959
1660.68418	0.09001
1659.71979	0.09051
1658.75539	0.09100
1657.79100	0.09137
1656.82661	0.09150
1655.86222	0.09131
1654.89782	0.09084
1653.93343	0.09026
1652.96904	0.08982
1652.00464	0.08979
1651.04025	0.09020
1650.07586	0.09072
1649.11147	0.09102
1648.14707	0.09098
1647.18268	0.09070
1646.21829	0.09041
1645.25390	0.09031
1644.28950	0.09045
1643.32511	0.09074
1642.36072	0.09107
1641.39633	0.09136
1640.43193	0.09156
1639.46754	0.09161
1638.50315	0.09146
1637.53875	0.09109
1636.57436	0.09061
1635.60997	0.09024
1634.64558	0.09019
1633.68118	0.09051
1632.71679	0.09103
1631.75240	0.09156
1630.78801	0.09197
1629.82361	0.09224
1628.85922	0.09242
1627.89483	0.09257
1626.93044	0.09276
1625.96604	0.09296
1625.00165	0.09311
1624.03726	0.09322
1623.07286	0.09337
1622.10847	0.09367
1621.14408	0.09406
1620.17969	0.09439
1619.21529	0.09450
1618.25090	0.09442
1617.28651	0.09431
1616.32212	0.09437
1615.35772	0.09471
1614.39333	0.09523
1613.42894	0.09577
1612.46455	0.09623
1611.50015	0.09656
1610.53576	0.09682
1609.57137	0.09704
1608.60697	0.09731
1607.64258	0.09766
1606.67819	0.09813
1605.71380	0.09869
1604.74940	0.09936
1603.78501	0.10010
1602.82062	0.10091
1601.85623	0.10177
1600.89183	0.10269
1599.92744	0.10365
1598.96305	0.10464
1597.99865	0.10567
1597.03426	0.10673
1596.06987	0.10782
1595.10548	0.10893
1594.14108	0.11007
1593.17669	0.11124
1592.21230	0.11243
1591.24791	0.11359
1590.28351	0.11469
1589.31912	0.11573
1588.35473	0.11668
1587.39034	0.11757
1586.42594	0.11841
1585.46155	0.11920
1584.49716	0.11994
1583.53276	0.12063
1582.56837	0.12125
1581.60398	0.12179
1580.63959	0.12223
1579.67519	0.12252
1578.71080	0.12262
1577.74641	0.12254
1576.78202	0.12238
1575.81762	0.12235
1574.85323	0.12263
1573.88884	0.12319
1572.92445	0.12381
1571.96005	0.12436
1570.99566	0.12481
1570.03127	0.12530
1569.06687	0.12600
1568.10248	0.12705
1567.13809	0.12844
1566.17370	0.13000
1565.20930	0.13159
1564.24491	0.13312
1563.28052	0.13447
1562.31613	0.13551
1561.35173	0.13620
1560.38734	0.13673
1559.42295	0.13746
1558.45856	0.13878
1557.49416	0.14082
1556.52977	0.14326
1555.56538	0.14571
1554.60098	0.14783
1553.63659	0.14949
1552.67220	0.15071
1551.70781	0.15153
1550.74341	0.15196
1549.77902	0.15207
1548.81463	0.15195
1547.85024	0.15165
1546.88584	0.15114
1545.92145	0.15032
1544.95706	0.14909
1543.99267	0.14741
1543.02827	0.14532
1542.06388	0.14293
1541.09949	0.14048
1540.13509	0.13824
1539.17070	0.13642
1538.20631	0.13515
1537.24192	0.13431
1536.27752	0.13358
1535.31313	0.13265
1534.34874	0.13146
1533.38435	0.13013
1532.41995	0.12888
1531.45556	0.12784
1530.49117	0.12697
1529.52678	0.12622
1528.56238	0.12551
1527.59799	0.12483
1526.63360	0.12416
1525.66920	0.12348
1524.70481	0.12280
1523.74042	0.12218
1522.77603	0.12165
1521.81163	0.12129
1520.84724	0.12116
1519.88285	0.12119
1518.91846	0.12122
1517.95406	0.12115
1516.98967	0.12098
1516.02528	0.12080
1515.06089	0.12068
1514.09649	0.12066
1513.13210	0.12073
1512.16771	0.12083
1511.20331	0.12085
1510.23892	0.12064
1509.27453	0.12010
1508.31014	0.11927
1507.34574	0.11828
1506.38135	0.11742
1505.41696	0.11696
1504.45257	0.11696
1503.48817	0.11726
1502.52378	0.11767
1501.55939	0.11802
1500.59500	0.11829
1499.63060	0.11848
1498.66621	0.11866
1497.70182	0.11892
1496.73742	0.11938
1495.77303	0.12022
1494.80864	0.12164
1493.84425	0.12380
1492.87985	0.12685
1491.91546	0.13090
1490.95107	0.13604
1489.98668	0.14224
1489.02228	0.14926
1488.05789	0.15672
1487.09350	0.16404
1486.12911	0.17060
1485.16471	0.17584
1484.20032	0.17945
1483.23593	0.18147
1482.27153	0.18219
1481.30714	0.18209
1480.34275	0.18177
1479.37836	0.18187
1478.41396	0.18302
1477.44957	0.18582
1476.48518	0.19082
1475.52079	0.19853
1474.55639	0.20948
1473.59200	0.22421
1472.62761	0.24312
1471.66322	0.26613
1470.69882	0.29253
1469.73443	0.32094
1468.77004	0.34914
1467.80564	0.37409
1466.84125	0.39251
1465.87686	0.40216
1464.91247	0.40299
1463.94807	0.39721
1462.98368	0.38817
1462.01929	0.37878
1461.05490	0.37080
1460.09050	0.36459
1459.12611	0.35925
1458.16172	0.35309
1457.19733	0.34449
1456.23293	0.33264
1455.26854	0.31801
1454.30415	0.30174
1453.33975	0.28514
1452.37536	0.26915
1451.41097	0.25417
1450.44658	0.24010
1449.48218	0.22661
1448.51779	0.21349
1447.55340	0.20093
1446.58901	0.18941
1445.62461	0.17938
1444.66022	0.17108
1443.69583	0.16461
1442.73144	0.16003
1441.76704	0.15733
1440.80265	0.15653
1439.83826	0.15765
1438.87386	0.16060
1437.90947	0.16517
1436.94508	0.17084
1435.98069	0.17668
1435.01629	0.18139
1434.05190	0.18358
1433.08751	0.18225
1432.12312	0.17721
1431.15872	0.16924
1430.19433	0.15975
1429.22994	0.15029
1428.26554	0.14202
1427.30115	0.13550
1426.33676	0.13075
1425.37237	0.12756
1424.40797	0.12558
1423.44358	0.12450
1422.47919	0.12408
1421.51480	0.12413
1420.55040	0.12451
1419.58601	0.12514
1418.62162	0.12596
1417.65723	0.12689
1416.69283	0.12788
1415.72844	0.12889
1414.76405	0.12994
1413.79965	0.13094
1412.83526	0.13175
1411.87087	0.13220
1410.90648	0.13222
1409.94208	0.13181
1408.97769	0.13111
1408.01330	0.13027
1407.04891	0.12947
1406.08451	0.12881
1405.12012	0.12838
1404.15573	0.12823
1403.19134	0.12838
1402.22694	0.12880
1401.26255	0.12947
1400.29816	0.13035
1399.33376	0.13144
1398.36937	0.13269
1397.40498	0.13403
1396.44059	0.13540
1395.47619	0.13670
1394.51180	0.13789
1393.54741	0.13909
1392.58302	0.14050
1391.61862	0.14238
1390.65423	0.14494
1389.68984	0.14846
1388.72545	0.15323
1387.76105	0.15958
1386.79666	0.16793
1385.83227	0.17876
1384.86787	0.19256
1383.90348	0.20954
1382.93909	0.22935
1381.97470	0.25083
1381.01030	0.27198
1380.04591	0.29026
1379.08152	0.30329
1378.11713	0.30974
1377.15273	0.30982
1376.18834	0.30510
1375.22395	0.29764
1374.25956	0.28926
1373.29516	0.28113
1372.33077	0.27368
1371.36638	0.26690
1370.40198	0.26063
1369.43759	0.25484
1368.47320	0.24967
1367.50881	0.24530
1366.54441	0.24178
1365.58002	0.23893
1364.61563	0.23633
1363.65124	0.23349
1362.68684	0.23014
1361.72245	0.22637
1360.75806	0.22250
1359.79367	0.21875
1358.82927	0.21495
1357.86488	0.21048
1356.90049	0.20463
1355.93609	0.19710
1354.97170	0.18828
1354.00731	0.17902
1353.04292	0.17013
1352.07852	0.16211
1351.11413	0.15506
1350.14974	0.14891
1349.18535	0.14355
1348.22095	0.13897
1347.25656	0.13519
1346.29217	0.13227
1345.32778	0.13026
1344.36338	0.12917
1343.39899	0.12897
1342.43460	0.12953
1341.47020	0.13069
1340.50581	0.13220
1339.54142	0.13378
1338.57703	0.13508
1337.61263	0.13571
1336.64824	0.13528
1335.68385	0.13358
1334.71946	0.13071
1333.75506	0.12708
1332.79067	0.12321
1331.82628	0.11958
1330.86189	0.11652
1329.89749	0.11416
1328.93310	0.11250
1327.96871	0.11146
1327.00431	0.11097
1326.03992	0.11091
1325.07553	0.11122
1324.11114	0.11180
1323.14674	0.11255
1322.18235	0.11338
1321.21796	0.11421
1320.25357	0.11490
1319.28917	0.11536
1318.32478	0.11553
1317.36039	0.11548
1316.39600	0.11538
1315.43160	0.11545
1314.46721	0.11592
1313.50282	0.11697
1312.53842	0.11872
1311.57403	0.12122
1310.60964	0.12440
1309.64525	0.12805
1308.68085	0.13185
1307.71646	0.13546
1306.75207	0.13858
1305.78768	0.14103
1304.82328	0.14272
1303.85889	0.14368
1302.89450	0.14399
1301.93011	0.14375
1300.96571	0.14300
1300.00132	0.14176
1299.03693	0.14000
1298.07253	0.13771
1297.10814	0.13497
1296.14375	0.13195
1295.17936	0.12886
1294.21496	0.12590
1293.25057	0.12322
1292.28618	0.12088
1291.32179	0.11889
1290.35739	0.11721
1289.39300	0.11581
1288.42861	0.11464
1287.46422	0.11366
1286.49982	0.11288
1285.53543	0.11228
1284.57104	0.11189
1283.60664	0.11172
1282.64225	0.11176
1281.67786	0.11203
1280.71347	0.11253
1279.74907	0.11327
1278.78468	0.11429
1277.82029	0.11564
1276.85590	0.11737
1275.89150	0.11951
1274.92711	0.12206
1273.96272	0.12496
1272.99833	0.12813
1272.03393	0.13145
1271.06954	0.13475
1270.10515	0.13788
1269.14075	0.14067
1268.17636	0.14302
1267.21197	0.14490
1266.24758	0.14637
1265.28318	0.14756
1264.31879	0.14862
1263.35440	0.14970
1262.39001	0.15090
1261.42561	0.15227
1260.46122	0.15375
1259.49683	0.15526
1258.53243	0.15665
1257.56804	0.15779
1256.60365	0.15857
1255.63926	0.15894
1254.67486	0.15891
1253.71047	0.15854
1252.74608	0.15791
1251.78169	0.15713
1250.81729	0.15630
1249.85290	0.15548
1248.88851	0.15468
1247.92412	0.15388
1246.95972	0.15304
1245.99533	0.15216
1245.03094	0.15130
1244.06654	0.15059
1243.10215	0.15021
1242.13776	0.15041
1241.17337	0.15142
1240.20897	0.15340
1239.24458	0.15637
1238.28019	0.16019
1237.31580	0.16451
1236.35140	0.16882
1235.38701	0.17249
1234.42262	0.17495
1233.45823	0.17578
1232.49383	0.17481
1231.52944	0.17218
1230.56505	0.16829
1229.60065	0.16368
1228.63626	0.15889
1227.67187	0.15436
1226.70748	0.15031
1225.74308	0.14678
1224.77869	0.14368
1223.81430	0.14092
1222.84991	0.13844
1221.88551	0.13619
1220.92112	0.13417
1219.95673	0.13235
1218.99234	0.13070
1218.02794	0.12920
1217.06355	0.12784
1216.09916	0.12663
1215.13476	0.12558
1214.17037	0.12468
1213.20598	0.12389
1212.24159	0.12315
1211.27719	0.12241
1210.31280	0.12166
1209.34841	0.12093
1208.38402	0.12023
1207.41962	0.11958
1206.45523	0.11897
1205.49084	0.11841
1204.52645	0.11789
1203.56205	0.11741
1202.59766	0.11696
1201.63327	0.11656
1200.66887	0.11621
1199.70448	0.11591
1198.74009	0.11565
1197.77570	0.11539
1196.81130	0.11513
1195.84691	0.11490
1194.88252	0.11475
1193.91813	0.11467
1192.95373	0.11465
1191.98934	0.11469
1191.02495	0.11479
1190.06056	0.11498
1189.09616	0.11527
1188.13177	0.11568
1187.16738	0.11614
1186.20298	0.11661
1185.23859	0.11715
1184.27420	0.11788
1183.30981	0.11886
1182.34541	0.12006
1181.38102	0.12138
1180.41663	0.12277
1179.45224	0.12430
1178.48784	0.12615
1177.52345	0.12848
1176.55906	0.13135
1175.59467	0.13462
1174.63027	0.13797
1173.66588	0.14108
1172.70149	0.14389
1171.73709	0.14659
1170.77270	0.14946
1169.80831	0.15281
1168.84392	0.15690
1167.87952	0.16190
1166.91513	0.16784
1165.95074	0.17458
1164.98635	0.18187
1164.02195	0.18944
1163.05756	0.19702
1162.09317	0.20432
1161.12878	0.21112
1160.16438	0.21732
1159.19999	0.22293
1158.23560	0.22811
1157.27120	0.23304
1156.30681	0.23781
1155.34242	0.24244
1154.37803	0.24686
1153.41363	0.25098
1152.44924	0.25483
1151.48485	0.25854
1150.52046	0.26227
1149.55606	0.26622
1148.59167	0.27051
1147.62728	0.27523
1146.66289	0.28046
1145.69849	0.28630
1144.73410	0.29304
1143.76971	0.30115
1142.80531	0.31121
1141.84092	0.32375
1140.87653	0.33918
1139.91214	0.35769
1138.94774	0.37924
1137.98335	0.40349
1137.01896	0.42989
1136.05457	0.45788
1135.09017	0.48729
1134.12578	0.51845
1133.16139	0.55193
1132.19700	0.58798
1131.23260	0.62620
1130.26821	0.66556
1129.30382	0.70470
1128.33942	0.74220
1127.37503	0.77690
1126.41064	0.80798
1125.44625	0.83497
1124.48185	0.85770
1123.51746	0.87615
1122.55307	0.89027
1121.58868	0.89973
1120.62428	0.90393
1119.65989	0.90202
1118.69550	0.89306
1117.73111	0.87636
1116.76671	0.85216
1115.80232	0.82248
1114.83793	0.79123
1113.87353	0.76303
1112.90914	0.74156
1111.94475	0.72829
1110.98036	0.72242
1110.01596	0.72152
1109.05157	0.72248
1108.08718	0.72228
1107.12279	0.71868
1106.15839	0.71065
1105.19400	0.69844
1104.22961	0.68311
1103.26522	0.66587
1102.30082	0.64753
1101.33643	0.62813
1100.37204	0.60716
1099.40764	0.58390
1098.44325	0.55796
1097.47886	0.52944
1096.51447	0.49894
1095.55007	0.46738
1094.58568	0.43582
1093.62129	0.40524
1092.65690	0.37647
1091.69250	0.35009
1090.72811	0.32642
1089.76372	0.30561
1088.79932	0.28760
1087.83493	0.27223
1086.87054	0.25922
1085.90615	0.24828
1084.94175	0.23918
1083.97736	0.23178
1083.01297	0.22598
1082.04858	0.22165
1081.08418	0.21856
1080.11979	0.21649
1079.15540	0.21524
1078.19101	0.21474
1077.22661	0.21494
1076.26222	0.21574
1075.29783	0.21696
1074.33343	0.21840
1073.36904	0.21981
1072.40465	0.22090
1071.44026	0.22130
1070.47586	0.22067
1069.51147	0.21885
1068.54708	0.21590
1067.58269	0.21211
1066.61829	0.20785
1065.65390	0.20348
1064.68951	0.19933
1063.72512	0.19567
1062.76072	0.19256
1061.79633	0.18988
1060.83194	0.18740
1059.86754	0.18501
1058.90315	0.18288
1057.93876	0.18136
1056.97437	0.18080
1056.00997	0.18123
1055.04558	0.18227
1054.08119	0.18320
1053.11680	0.18332
1052.15240	0.18231
1051.18801	0.18040
1050.22362	0.17816
1049.25923	0.17628
1048.29483	0.17528
1047.33044	0.17549
1046.36605	0.17709
1045.40165	0.18007
1044.43726	0.18427
1043.47287	0.18937
1042.50848	0.19481
1041.54408	0.19956
1040.57969	0.20226
1039.61530	0.20160
1038.65091	0.19710
1037.68651	0.18940
1036.72212	0.17986
1035.75773	0.17003
1034.79334	0.16117
1033.82894	0.15411
1032.86455	0.14915
1031.90016	0.14622
1030.93576	0.14495
1029.97137	0.14482
1029.00698	0.14531
1028.04259	0.14605
1027.07819	0.14688
1026.11380	0.14781
1025.14941	0.14889
1024.18502	0.15011
1023.22062	0.15146
1022.25623	0.15289
1021.29184	0.15436
1020.32745	0.15578
1019.36305	0.15716
1018.39866	0.15863
1017.43427	0.16039
1016.46987	0.16260
1015.50548	0.16529
1014.54109	0.16827
1013.57670	0.17128
1012.61230	0.17404
1011.64791	0.17643
1010.68352	0.17836
1009.71913	0.17961
1008.75473	0.17990
1007.79034	0.17906
1006.82595	0.17722
1005.86156	0.17486
1004.89716	0.17249
1003.93277	0.17053
1002.96838	0.16912
1002.00398	0.16821
1001.03959	0.16766
1000.07520	0.16735
999.11081	0.16717
998.14641	0.16708
997.18202	0.16705
996.21763	0.16702
995.25324	0.16692
994.28884	0.16668
993.32445	0.16631
992.36006	0.16579
991.39567	0.16516
990.43127	0.16451
989.46688	0.16401
988.50249	0.16393
987.53809	0.16457
986.57370	0.16615
985.60931	0.16873
984.64492	0.17215
983.68052	0.17601
982.71613	0.17959
981.75174	0.18206
980.78735	0.18283
979.82295	0.18177
978.85856	0.17928
977.89417	0.17610
976.92978	0.17293
975.96538	0.17026
975.00099	0.16816
974.03660	0.16641
973.07220	0.16473
972.10781	0.16306
971.14342	0.16160
970.17903	0.16070
969.21463	0.16062
968.25024	0.16147
967.28585	0.16322
966.32146	0.16574
965.35706	0.16884
964.39267	0.17217
963.42828	0.17513
962.46389	0.17700
961.49949	0.17716
960.53510	0.17547
959.57071	0.17231
958.60631	0.16839
957.64192	0.16423
956.67753	0.16002
955.71314	0.15566
954.74874	0.15104
953.78435	0.14624
952.81996	0.14144
951.85557	0.13689
950.89117	0.13272
949.92678	0.12896
948.96239	0.12564
947.99800	0.12273
947.03360	0.12020
946.06921	0.11802
945.10482	0.11612
944.14042	0.11447
943.17603	0.11307
942.21164	0.11194
941.24725	0.11112
940.28285	0.11063
939.31846	0.11045
938.35407	0.11062
937.38968	0.11121
936.42528	0.11228
935.46089	0.11374
934.49650	0.11524
933.53211	0.11630
932.56771	0.11665
931.60332	0.11635
930.63893	0.11550
929.67453	0.11419
928.71014	0.11245
927.74575	0.11040
926.78136	0.10819
925.81696	0.10601
924.85257	0.10401
923.88818	0.10230
922.92379	0.10091
921.95939	0.09976
920.99500	0.09875
920.03061	0.09783
919.06621	0.09700
918.10182	0.09627
917.13743	0.09569
916.17304	0.09528
915.20864	0.09504
914.24425	0.09494
913.27986	0.09497
912.31547	0.09514
911.35107	0.09545
910.38668	0.09593
909.42229	0.09662
908.45790	0.09756
907.49350	0.09882
906.52911	0.10047
905.56472	0.10261
904.60032	0.10523
903.63593	0.10822
902.67154	0.11134
901.70715	0.11424
900.74275	0.11654
899.77836	0.11784
898.81397	0.11790
897.84958	0.11680
896.88518	0.11493
895.92079	0.11280
894.95640	0.11080
893.99201	0.10906
893.02761	0.10756
892.06322	0.10625
891.09883	0.10508
890.13443	0.10408
889.17004	0.10329
888.20565	0.10275
887.24126	0.10247
886.27686	0.10242
885.31247	0.10259
884.34808	0.10298
883.38369	0.10353
882.41929	0.10422
881.45490	0.10496
880.49051	0.10570
879.52612	0.10635
878.56172	0.10686
877.59733	0.10718
876.63294	0.10730
875.66854	0.10727
874.70415	0.10723
873.73976	0.10730
872.77537	0.10757
871.81097	0.10807
870.84658	0.10877
869.88219	0.10957
868.91780	0.11037
867.95340	0.11108
866.98901	0.11160
866.02462	0.11188
865.06023	0.11192
864.09583	0.11172
863.13144	0.11135
862.16705	0.11087
861.20265	0.11035
860.23826	0.10985
859.27387	0.10943
858.30948	0.10915
857.34508	0.10910
856.38069	0.10933
855.41630	0.10989
854.45191	0.11077
853.48751	0.11201
852.52312	0.11359
851.55873	0.11557
850.59434	0.11801
849.62994	0.12091
848.66555	0.12422
847.70116	0.12788
846.73676	0.13181
845.77237	0.13594
844.80798	0.14011
843.84359	0.14414
842.87919	0.14786
841.91480	0.15117
840.95041	0.15403
839.98602	0.15641
839.02162	0.15832
838.05723	0.15984
837.09284	0.16114
836.12845	0.16244
835.16405	0.16395
834.19966	0.16583
833.23527	0.16819
832.27087	0.17108
831.30648	0.17445
830.34209	0.17822
829.37770	0.18226
828.41330	0.18646
827.44891	0.19077
826.48452	0.19531
825.52013	0.20030
824.55573	0.20603
823.59134	0.21270
822.62695	0.22035
821.66256	0.22890
820.69816	0.23831
819.73377	0.24876
818.76938	0.26079
817.80498	0.27528
816.84059	0.29325
815.87620	0.31567
814.91181	0.34331
813.94741	0.37669
812.98302	0.41617
812.01863	0.46214
811.05424	0.51537
810.08984	0.57752
809.12545	0.65166
808.16106	0.74259
807.19667	0.85633
806.23227	0.99981
805.26788	1.18241
804.30349	1.42212
803.33909	1.75223
802.37470	2.20196
801.41031	2.69760
800.44592	2.90497
799.48152	2.53579
798.51713	2.22843
797.55274	2.14176
796.58835	2.14876
795.62395	2.16544
794.65956	2.17217
793.69517	2.17273
792.73078	2.17195
791.76638	2.17150
790.80199	2.17141
789.83760	2.17144
788.87320	2.17147
787.90881	2.17147
786.94442	2.17147
785.98003	2.17147
785.01563	2.17147
784.05124	2.17147
783.08685	2.17147
782.12246	2.17147
781.15806	2.17147
780.19367	2.17147
779.22928	2.17147
778.26489	2.17147
777.30049	2.17147
776.33610	2.17147
775.37171	2.17147
774.40731	2.17147
773.44292	2.17147
772.47853	2.17147
771.51414	2.17147
770.54974	2.17147
769.58535	2.17147
768.62096	2.17147
767.65657	2.17147
766.69217	2.17147
765.72778	2.17147
764.76339	2.17148
763.79900	2.17147
762.83460	2.17144
761.87021	2.17140
760.90582	2.17148
759.94142	2.17194
758.97703	2.17287
758.01264	2.17266
757.04825	2.16602
756.08385	2.14735
755.11946	2.13374
754.15507	2.21331
753.19068	2.54185
752.22628	3.02104
751.26189	3.02554
750.29750	2.71207
749.33310	2.36869
748.36871	2.08630
747.40432	1.85461
746.43993	1.65158
745.47553	1.46778
744.51114	1.30177
743.54675	1.15365
742.58236	1.02289
741.61796	0.90848
740.65357	0.80923
739.68918	0.72351
738.72479	0.64894
737.76039	0.58282
736.79600	0.52305
735.83161	0.46868
734.86721	0.41972
733.90282	0.37645
732.93843	0.33898
731.97404	0.30699
731.00964	0.27984
730.04525	0.25673
729.08086	0.23693
728.11647	0.21988
727.15207	0.20516
726.18768	0.19244
725.22329	0.18140
724.25890	0.17182
723.29450	0.16350
722.33011	0.15627
721.36572	0.14992
720.40132	0.14417
719.43693	0.13886
718.47254	0.13393
717.50815	0.12944
716.54375	0.12538
715.57936	0.12174
714.61497	0.11846
713.65058	0.11550
712.68618	0.11282
711.72179	0.11041
710.75740	0.10824
709.79301	0.10632
708.82861	0.10462
707.86422	0.10311
706.89983	0.10174
705.93543	0.10046
704.97104	0.09922
704.00665	0.09801
703.04226	0.09684
702.07786	0.09575
701.11347	0.09478
700.14908	0.09393
699.18469	0.09318
698.22029	0.09249
697.25590	0.09181
696.29151	0.09112
695.32712	0.09044
694.36272	0.08978
693.39833	0.08916
692.43394	0.08861
691.46954	0.08815
690.50515	0.08774
689.54076	0.08731
688.57637	0.08678
687.61197	0.08614
686.64758	0.08544
685.68319	0.08477
684.71880	0.08419
683.75440	0.08369
682.79001	0.08328
681.82562	0.08294
680.86123	0.08263
679.89683	0.08235
678.93244	0.08206
677.96805	0.08176
677.00365	0.08146
676.03926	0.08120
675.07487	0.08105
674.11048	0.08109
673.14608	0.08142
672.18169	0.08212
671.21730	0.08312
670.25291	0.08415
669.28851	0.08466
668.32412	0.08410
667.35973	0.08263
666.39534	0.08118
665.43094	0.08030
664.46655	0.07995
663.50216	0.07989
662.53776	0.07988
661.57337	0.07982
660.60898	0.07972
659.64459	0.07958
658.68019	0.07941
657.71580	0.07924
656.75141	0.07908
655.78702	0.07895
654.82262	0.07885
653.85823	0.07879
652.89384	0.07875
651.92945	0.07876
650.96505	0.07880
650.00066	0.07888
649.03627	0.07896
648.07187	0.07898
647.10748	0.07894
646.14309	0.07886
645.17870	0.07877
644.21430	0.07871
643.24991	0.07869
642.28552	0.07874
641.32113	0.07886
640.35673	0.07905
639.39234	0.07932
638.42795	0.07969
637.46356	0.08022
636.49916	0.08092
635.53477	0.08177
634.57038	0.08271
633.60598	0.08369
632.64159	0.08465
631.67720	0.08548
630.71281	0.08608
629.74841	0.08630
628.78402	0.08611
627.81963	0.08583
626.85524	0.08576
625.89084	0.08571
624.92645	0.08524
623.96206	0.08427
622.99767	0.08325
622.03327	0.08255
621.06888	0.08217
620.10449	0.08210
619.14009	0.08250
618.17570	0.08313
617.21131	0.08318
616.24692	0.08226
615.28252	0.08088
614.31813	0.07975
613.35374	0.07913
612.38935	0.07886
611.42495	0.07872
610.46056	0.07861
609.49617	0.07849
608.53178	0.07841
607.56738	0.07841
606.60299	0.07847
605.63860	0.07853
604.67420	0.07851
603.70981	0.07840
602.74542	0.07840
601.78103	0.07873
600.81663	0.07921
599.85224	0.07926
598.88785	0.07873
597.92346	0.07813
596.95906	0.07786
595.99467	0.07786
595.03028	0.07804
594.06589	0.07859
593.10149	0.07965
592.13710	0.08051
591.17271	0.08020
590.20831	0.07893
589.24392	0.07780
588.27953	0.07737
587.31514	0.07748
586.35074	0.07790
585.38635	0.07835
584.42196	0.07854
583.45757	0.07864
582.49317	0.07915
581.52878	0.08007
580.56439	0.08057
579.59999	0.08032
578.63560	0.08015
577.67121	0.08094
576.70682	0.08221
575.74242	0.08258
574.77803	0.08168
573.81364	0.08064
572.84925	0.08033
571.88485	0.08069
570.92046	0.08137
569.95607	0.08207
568.99168	0.08253
568.02728	0.08258
567.06289	0.08222
566.09850	0.08163
565.13410	0.08114
564.16971	0.08098
563.20532	0.08100
562.24093	0.08105
561.27653	0.08110
560.31214	0.08122
559.34775	0.08146
558.38336	0.08186
557.41896	0.08245
556.45457	0.08317
555.49018	0.08389
554.52579	0.08436
553.56139	0.08448
552.59700	0.08448
551.63261	0.08460
550.66821	0.08474
549.70382	0.08466
548.73943	0.08445
547.77504	0.08445
546.81064	0.08458
545.84625	0.08438
544.88186	0.08365
543.91747	0.08284
542.95307	0.08244
541.98868	0.08249
541.02429	0.08272
540.05990	0.08295
539.09550	0.08328
538.13111	0.08386
537.16672	0.08464
536.20232	0.08533
535.23793	0.08573
534.27354	0.08594
533.30915	0.08611
532.34475	0.08620
531.38036	0.08609
530.41597	0.08579
529.45158	0.08563
528.48718	0.08634
527.52279	0.08837
526.55840	0.09054
525.59401	0.09059
524.62961	0.08824
523.66522	0.08567
522.70083	0.08463
521.73643	0.08530
520.77204	0.08721
519.80765	0.08945
518.84326	0.09119
517.87886	0.09204
516.91447	0.09136
515.95008	0.08902
514.98569	0.08637
514.02129	0.08475
513.05690	0.08427
512.09251	0.08441
511.12812	0.08459
510.16372	0.08454
509.19933	0.08465
508.23494	0.08540
507.27054	0.08606
506.30615	0.08546
505.34176	0.08426
504.37737	0.08455
503.41297	0.08685
502.44858	0.08879
501.48419	0.08779
500.51980	0.08467
499.55540	0.08214
498.59101	0.08124
497.62662	0.08137
496.66223	0.08183
495.69783	0.08242
494.73344	0.08340
493.76905	0.08502
492.80465	0.08699
491.84026	0.08820
490.87587	0.08811
489.91148	0.08762
488.94708	0.08784
487.98269	0.08906
487.01830	0.09098
486.05391	0.09318
485.08951	0.09515
484.12512	0.09607
483.16073	0.09541
482.19634	0.09400
481.23194	0.09303
480.26755	0.09272
479.30316	0.09286
478.33876	0.09340
477.37437	0.09417
476.40998	0.09475
475.44559	0.09569
474.48119	0.09868
473.51680	0.10364
472.55241	0.10659
471.58802	0.10443
470.62362	0.09997
469.65923	0.09762
468.69484	0.09774
467.73045	0.09795
466.76605	0.09709
465.80166	0.09606
464.83727	0.09599
463.87287	0.09719
462.90848	0.09935
461.94409	0.10161
460.97970	0.10363
460.01530	0.10720
459.05091	0.11379
458.08652	0.11961
457.12213	0.11867
456.15773	0.11213
455.19334	0.10678
454.22895	0.10597
453.26456	0.10763
452.30016	0.10826
451.33577	0.10703
450.37138	0.10566
449.40698	0.10581
448.44259	0.10777
447.47820	0.11031
446.51381	0.11173
445.54941	0.11222
444.58502	0.11347
443.62063	0.11543
442.65624	0.11599
441.69184	0.11388
440.72745	0.11021
439.76306	0.10736
438.79867	0.10688
437.83427	0.10863
436.86988	0.11096
435.90549	0.11185
434.94109	0.11082
433.97670	0.10931
433.01231	0.10879
432.04792	0.10941
431.08352	0.11007
430.11913	0.11001
429.15474	0.10978
428.19035	0.11049
427.22595	0.11279
426.26156	0.11644
425.29717	0.12035
424.33278	0.12367
423.36838	0.12588
422.40399	0.12751
421.43960	0.13291
420.47520	0.14600
419.51081	0.16083
418.54642	0.16410
417.58203	0.15265
416.61763	0.13744
415.65324	0.12810
414.68885	0.12559
413.72446	0.12652
412.76006	0.12825
411.79567	0.12993
410.83128	0.13154
409.86688	0.13320
408.90249	0.13498
407.93810	0.13689
406.97371	0.13889
406.00931	0.14083
405.04492	0.14252
404.08053	0.14417
403.11614	0.14678
402.15174	0.15210
401.18735	0.16121
400.22296	0.17309
399.25857	0.18586
