3998.37201	0.05863
3997.40762	0.05863
3996.44323	0.05863
3995.47883	0.05861
3994.51444	0.05860
3993.55005	0.05861
3992.58566	0.05864
3991.62126	0.05867
3990.65687	0.05869
3989.69248	0.05872
3988.72809	0.05874
3987.76369	0.05876
3986.79930	0.05876
3985.83491	0.05877
3984.87051	0.05878
3983.90612	0.05882
3982.94173	0.05891
3981.97734	0.05901
3981.01294	0.05907
3980.04855	0.05905
3979.08416	0.05894
3978.11977	0.05875
3977.15537	0.05856
3976.19098	0.05847
3975.22659	0.05851
3974.26220	0.05863
3973.29780	0.05878
3972.33341	0.05891
3971.36902	0.05901
3970.40462	0.05908
3969.44023	0.05912
3968.47584	0.05912
3967.51145	0.05910
3966.54705	0.05907
3965.58266	0.05899
3964.61827	0.05888
3963.65388	0.05874
3962.68948	0.05864
3961.72509	0.05865
3960.76070	0.05879
3959.79630	0.05899
3958.83191	0.05916
3957.86752	0.05926
3956.90313	0.05930
3955.93873	0.05932
3954.97434	0.05936
3954.00995	0.05942
3953.04556	0.05951
3952.08116	0.05961
3951.11677	0.05969
3950.15238	0.05971
3949.18799	0.05970
3948.22359	0.05969
3947.25920	0.05972
3946.29481	0.05980
3945.33041	0.05988
3944.36602	0.05992
3943.40163	0.05986
3942.43724	0.05975
3941.47284	0.05965
3940.50845	0.05960
3939.54406	0.05960
3938.57967	0.05966
3937.61527	0.05982
3936.65088	0.06009
3935.68649	0.06047
3934.72210	0.06092
3933.75770	0.06128
3932.79331	0.06141
3931.82892	0.06122
3930.86452	0.06081
3929.90013	0.06038
3928.93574	0.06006
3927.97135	0.05991
3927.00695	0.05984
3926.04256	0.05978
3925.07817	0.05976
3924.11378	0.05985
3923.14938	0.06010
3922.18499	0.06047
3921.22060	0.06087
3920.25621	0.06123
3919.29181	0.06154
3918.32742	0.06170
3917.36303	0.06164
3916.39863	0.06134
3915.43424	0.06094
3914.46985	0.06055
3913.50546	0.06025
3912.54106	0.06005
3911.57667	0.05998
3910.61228	0.06004
3909.64789	0.06024
3908.68349	0.06055
3907.71910	0.06096
3906.75471	0.06140
3905.79032	0.06188
3904.82592	0.06239
3903.86153	0.06288
3902.89714	0.06321
3901.93274	0.06318
3900.96835	0.06271
3900.00396	0.06192
3899.03957	0.06113
3898.07517	0.06066
3897.11078	0.06058
3896.14639	0.06073
3895.18200	0.06092
3894.21760	0.06102
3893.25321	0.06097
3892.28882	0.06082
3891.32443	0.06077
3890.36003	0.06099
3889.39564	0.06151
3888.43125	0.06211
3887.46685	0.06256
3886.50246	0.06269
3885.53807	0.06250
3884.57368	0.06221
3883.60928	0.06195
3882.64489	0.06171
3881.68050	0.06147
3880.71611	0.06126
3879.75171	0.06119
3878.78732	0.06131
3877.82293	0.06154
3876.85854	0.06175
3875.89414	0.06184
3874.92975	0.06183
3873.96536	0.06182
3873.00096	0.06194
3872.03657	0.06216
3871.07218	0.06233
3870.10779	0.06244
3869.14339	0.06254
3868.17900	0.06268
3867.21461	0.06272
3866.25022	0.06254
3865.28582	0.06221
3864.32143	0.06193
3863.35704	0.06187
3862.39265	0.06203
3861.42825	0.06238
3860.46386	0.06287
3859.49947	0.06338
3858.53507	0.06374
3857.57068	0.06377
3856.60629	0.06341
3855.64190	0.06265
3854.67750	0.06168
3853.71311	0.06088
3852.74872	0.06057
3851.78433	0.06074
3850.81993	0.06116
3849.85554	0.06161
3848.89115	0.06196
3847.92676	0.06217
3846.96236	0.06230
3845.99797	0.06240
3845.03358	0.06253
3844.06918	0.06271
3843.10479	0.06295
3842.14040	0.06316
3841.17601	0.06317
3840.21161	0.06288
3839.24722	0.06236
3838.28283	0.06177
3837.31844	0.06132
3836.35404	0.06115
3835.38965	0.06123
3834.42526	0.06144
3833.46087	0.06168
3832.49647	0.06185
3831.53208	0.06197
3830.56769	0.06209
3829.60329	0.06222
3828.63890	0.06231
3827.67451	0.06236
3826.71012	0.06244
3825.74572	0.06259
3824.78133	0.06276
3823.81694	0.06281
3822.85255	0.06264
3821.88815	0.06234
3820.92376	0.06212
3819.95937	0.06216
3818.99498	0.06231
3818.03058	0.06235
3817.06619	0.06214
3816.10180	0.06182
3815.13740	0.06167
3814.17301	0.06182
3813.20862	0.06216
3812.24423	0.06254
3811.27983	0.06289
3810.31544	0.06314
3809.35105	0.06328
3808.38666	0.06330
3807.42226	0.06327
3806.45787	0.06332
3805.49348	0.06349
3804.52909	0.06361
3803.56469	0.06344
3802.60030	0.06290
3801.63591	0.06217
3800.67151	0.06162
3799.70712	0.06147
3798.74273	0.06160
3797.77834	0.06179
3796.81394	0.06193
3795.84955	0.06205
3794.88516	0.06216
3793.92077	0.06223
3792.95637	0.06227
3791.99198	0.06228
3791.02759	0.06230
3790.06319	0.06237
3789.09880	0.06247
3788.13441	0.06256
3787.17002	0.06261
3786.20562	0.06256
3785.24123	0.06245
3784.27684	0.06232
3783.31245	0.06222
3782.34805	0.06212
3781.38366	0.06193
3780.41927	0.06168
3779.45488	0.06146
3778.49048	0.06143
3777.52609	0.06160
3776.56170	0.06189
3775.59730	0.06222
3774.63291	0.06252
3773.66852	0.06277
3772.70413	0.06293
3771.73973	0.06297
3770.77534	0.06291
3769.81095	0.06285
3768.84656	0.06289
3767.88216	0.06303
3766.91777	0.06314
3765.95338	0.06317
3764.98899	0.06317
3764.02459	0.06320
3763.06020	0.06326
3762.09581	0.06331
3761.13141	0.06334
3760.16702	0.06339
3759.20263	0.06353
3758.23824	0.06383
3757.27384	0.06424
3756.30945	0.06474
3755.34506	0.06526
3754.38067	0.06567
3753.41627	0.06584
3752.45188	0.06574
3751.48749	0.06557
3750.52310	0.06556
3749.55870	0.06583
3748.59431	0.06644
3747.62992	0.06725
3746.66552	0.06793
3745.70113	0.06813
3744.73674	0.06777
3743.77235	0.06726
3742.80795	0.06697
3741.84356	0.06702
3740.87917	0.06735
3739.91478	0.06792
3738.95038	0.06865
3737.98599	0.06933
3737.02160	0.06972
3736.05721	0.06964
3735.09281	0.06911
3734.12842	0.06837
3733.16403	0.06769
3732.19963	0.06728
3731.23524	0.06731
3730.27085	0.06781
3729.30646	0.06857
3728.34206	0.06929
3727.37767	0.06976
3726.41328	0.06983
3725.44889	0.06953
3724.48449	0.06899
3723.52010	0.06829
3722.55571	0.06752
3721.59132	0.06678
3720.62692	0.06619
3719.66253	0.06577
3718.69814	0.06555
3717.73374	0.06554
3716.76935	0.06571
3715.80496	0.06599
3714.84057	0.06625
3713.87617	0.06638
3712.91178	0.06631
3711.94739	0.06610
3710.98300	0.06593
3710.01860	0.06590
3709.05421	0.06606
3708.08982	0.06635
3707.12543	0.06665
3706.16103	0.06686
3705.19664	0.06689
3704.23225	0.06675
3703.26785	0.06644
3702.30346	0.06604
3701.33907	0.06571
3700.37468	0.06560
3699.41028	0.06569
3698.44589	0.06587
3697.48150	0.06609
3696.51711	0.06633
3695.55271	0.06659
3694.58832	0.06683
3693.62393	0.06693
3692.65954	0.06675
3691.69514	0.06621
3690.73075	0.06537
3689.76636	0.06445
3688.80196	0.06368
3687.83757	0.06333
3686.87318	0.06350
3685.90879	0.06400
3684.94439	0.06458
3683.98000	0.06511
3683.01561	0.06555
3682.05122	0.06592
3681.08682	0.06622
3680.12243	0.06643
3679.15804	0.06655
3678.19365	0.06655
3677.22925	0.06634
3676.26486	0.06590
3675.30047	0.06549
3674.33607	0.06541
3673.37168	0.06559
3672.40729	0.06565
3671.44290	0.06531
3670.47850	0.06466
3669.51411	0.06409
3668.54972	0.06388
3667.58533	0.06399
3666.62093	0.06424
3665.65654	0.06444
3664.69215	0.06454
3663.72776	0.06454
3662.76336	0.06448
3661.79897	0.06442
3660.83458	0.06440
3659.87018	0.06447
3658.90579	0.06460
3657.94140	0.06473
3656.97701	0.06484
3656.01261	0.06500
3655.04822	0.06532
3654.08383	0.06576
3653.11944	0.06616
3652.15504	0.06636
3651.19065	0.06635
3650.22626	0.06624
3649.26187	0.06610
3648.29747	0.06586
3647.33308	0.06552
3646.36869	0.06523
3645.40429	0.06513
3644.43990	0.06523
3643.47551	0.06539
3642.51112	0.06554
3641.54672	0.06564
3640.58233	0.06571
3639.61794	0.06580
3638.65355	0.06597
3637.68915	0.06626
3636.72476	0.06669
3635.76037	0.06722
3634.79598	0.06781
3633.83158	0.06845
3632.86719	0.06911
3631.90280	0.06970
3630.93840	0.06996
3629.97401	0.06968
3629.00962	0.06899
3628.04523	0.06831
3627.08083	0.06793
3626.11644	0.06784
3625.15205	0.06791
3624.18766	0.06798
3623.22326	0.06797
3622.25887	0.06783
3621.29448	0.06755
3620.33008	0.06721
3619.36569	0.06690
3618.40130	0.06677
3617.43691	0.06687
3616.47251	0.06716
3615.50812	0.06751
3614.54373	0.06782
3613.57934	0.06808
3612.61494	0.06838
3611.65055	0.06882
3610.68616	0.06931
3609.72177	0.06962
3608.75737	0.06956
3607.79298	0.06919
3606.82859	0.06866
3605.86419	0.06818
3604.89980	0.06785
3603.93541	0.06768
3602.97102	0.06761
3602.00662	0.06758
3601.04223	0.06755
3600.07784	0.06758
3599.11345	0.06769
3598.14905	0.06790
3597.18466	0.06816
3596.22027	0.06838
3595.25588	0.06852
3594.29148	0.06863
3593.32709	0.06880
3592.36270	0.06917
3591.39830	0.06974
3590.43391	0.07036
3589.46952	0.07073
3588.50513	0.07057
3587.54073	0.06983
3586.57634	0.06879
3585.61195	0.06783
3584.64756	0.06721
3583.68316	0.06693
3582.71877	0.06686
3581.75438	0.06692
3580.78999	0.06700
3579.82559	0.06707
3578.86120	0.06711
3577.89681	0.06712
3576.93241	0.06713
3575.96802	0.06715
3575.00363	0.06722
3574.03924	0.06738
3573.07484	0.06768
3572.11045	0.06816
3571.14606	0.06884
3570.18167	0.06965
3569.21727	0.07043
3568.25288	0.07084
3567.28849	0.07067
3566.32410	0.06998
3565.35970	0.06910
3564.39531	0.06833
3563.43092	0.06782
3562.46652	0.06758
3561.50213	0.06751
3560.53774	0.06755
3559.57335	0.06762
3558.60895	0.06772
3557.64456	0.06784
3556.68017	0.06799
3555.71578	0.06814
3554.75138	0.06826
3553.78699	0.06829
3552.82260	0.06823
3551.85821	0.06819
3550.89381	0.06828
3549.92942	0.06853
3548.96503	0.06884
3548.00063	0.06903
3547.03624	0.06896
3546.07185	0.06864
3545.10746	0.06820
3544.14306	0.06782
3543.17867	0.06765
3542.21428	0.06772
3541.24989	0.06795
3540.28549	0.06823
3539.32110	0.06844
3538.35671	0.06852
3537.39232	0.06850
3536.42792	0.06845
3535.46353	0.06845
3534.49914	0.06856
3533.53474	0.06874
3532.57035	0.06895
3531.60596	0.06913
3530.64157	0.06925
3529.67717	0.06928
3528.71278	0.06921
3527.74839	0.06906
3526.78400	0.06890
3525.81960	0.06878
3524.85521	0.06873
3523.89082	0.06875
3522.92643	0.06888
3521.96203	0.06908
3520.99764	0.06931
3520.03325	0.06948
3519.06885	0.06956
3518.10446	0.06956
3517.14007	0.06952
3516.17568	0.06947
3515.21128	0.06945
3514.24689	0.06949
3513.28250	0.06961
3512.31811	0.06982
3511.35371	0.07004
3510.38932	0.07021
3509.42493	0.07031
3508.46054	0.07037
3507.49614	0.07040
3506.53175	0.07036
3505.56736	0.07020
3504.60296	0.06995
3503.63857	0.06972
3502.67418	0.06965
3501.70979	0.06978
3500.74539	0.06998
3499.78100	0.07013
3498.81661	0.07019
3497.85222	0.07021
3496.88782	0.07023
3495.92343	0.07030
3494.95904	0.07044
3493.99465	0.07063
3493.03025	0.07085
3492.06586	0.07106
3491.10147	0.07121
3490.13707	0.07127
3489.17268	0.07125
3488.20829	0.07121
3487.24390	0.07121
3486.27950	0.07129
3485.31511	0.07142
3484.35072	0.07149
3483.38633	0.07146
3482.42193	0.07134
3481.45754	0.07122
3480.49315	0.07118
3479.52876	0.07124
3478.56436	0.07143
3477.59997	0.07167
3476.63558	0.07193
3475.67118	0.07215
3474.70679	0.07229
3473.74240	0.07234
3472.77801	0.07228
3471.81361	0.07211
3470.84922	0.07187
3469.88483	0.07161
3468.92044	0.07142
3467.95604	0.07138
3466.99165	0.07150
3466.02726	0.07175
3465.06287	0.07206
3464.09847	0.07232
3463.13408	0.07248
3462.16969	0.07255
3461.20529	0.07257
3460.24090	0.07261
3459.27651	0.07271
3458.31212	0.07285
3457.34772	0.07300
3456.38333	0.07310
3455.41894	0.07314
3454.45455	0.07315
3453.49015	0.07314
3452.52576	0.07316
3451.56137	0.07320
3450.59697	0.07325
3449.63258	0.07327
3448.66819	0.07322
3447.70380	0.07311
3446.73940	0.07301
3445.77501	0.07303
3444.81062	0.07316
3443.84623	0.07334
3442.88183	0.07349
3441.91744	0.07356
3440.95305	0.07353
3439.98866	0.07341
3439.02426	0.07320
3438.05987	0.07295
3437.09548	0.07273
3436.13108	0.07260
3435.16669	0.07259
3434.20230	0.07268
3433.23791	0.07279
3432.27351	0.07284
3431.30912	0.07282
3430.34473	0.07279
3429.38034	0.07281
3428.41594	0.07291
3427.45155	0.07307
3426.48716	0.07326
3425.52277	0.07347
3424.55837	0.07366
3423.59398	0.07381
3422.62959	0.07388
3421.66519	0.07389
3420.70080	0.07386
3419.73641	0.07382
3418.77202	0.07376
3417.80762	0.07366
3416.84323	0.07353
3415.87884	0.07339
3414.91445	0.07323
3413.95005	0.07309
3412.98566	0.07299
3412.02127	0.07295
3411.05688	0.07296
3410.09248	0.07299
3409.12809	0.07306
3408.16370	0.07317
3407.19930	0.07330
3406.23491	0.07341
3405.27052	0.07343
3404.30613	0.07332
3403.34173	0.07308
3402.37734	0.07277
3401.41295	0.07251
3400.44856	0.07240
3399.48416	0.07248
3398.51977	0.07267
3397.55538	0.07288
3396.59099	0.07301
3395.62659	0.07303
3394.66220	0.07295
3393.69781	0.07281
3392.73341	0.07268
3391.76902	0.07264
3390.80463	0.07273
3389.84024	0.07292
3388.87584	0.07314
3387.91145	0.07334
3386.94706	0.07349
3385.98267	0.07358
3385.01827	0.07364
3384.05388	0.07366
3383.08949	0.07364
3382.12510	0.07358
3381.16070	0.07351
3380.19631	0.07346
3379.23192	0.07343
3378.26752	0.07341
3377.30313	0.07340
3376.33874	0.07341
3375.37435	0.07342
3374.40995	0.07340
3373.44556	0.07331
3372.48117	0.07315
3371.51678	0.07293
3370.55238	0.07273
3369.58799	0.07260
3368.62360	0.07258
3367.65921	0.07269
3366.69481	0.07291
3365.73042	0.07321
3364.76603	0.07349
3363.80163	0.07367
3362.83724	0.07373
3361.87285	0.07370
3360.90846	0.07366
3359.94406	0.07367
3358.97967	0.07374
3358.01528	0.07382
3357.05089	0.07387
3356.08649	0.07385
3355.12210	0.07375
3354.15771	0.07359
3353.19332	0.07336
3352.22892	0.07313
3351.26453	0.07298
3350.30014	0.07296
3349.33574	0.07307
3348.37135	0.07325
3347.40696	0.07340
3346.44257	0.07346
3345.47817	0.07344
3344.51378	0.07337
3343.54939	0.07329
3342.58500	0.07323
3341.62060	0.07318
3340.65621	0.07313
3339.69182	0.07309
3338.72743	0.07310
3337.76303	0.07320
3336.79864	0.07335
3335.83425	0.07349
3334.86985	0.07359
3333.90546	0.07365
3332.94107	0.07369
3331.97668	0.07373
3331.01228	0.07375
3330.04789	0.07376
3329.08350	0.07374
3328.11911	0.07367
3327.15471	0.07355
3326.19032	0.07343
3325.22593	0.07336
3324.26154	0.07338
3323.29714	0.07345
3322.33275	0.07354
3321.36836	0.07361
3320.40396	0.07367
3319.43957	0.07370
3318.47518	0.07371
3317.51079	0.07371
3316.54639	0.07370
3315.58200	0.07369
3314.61761	0.07367
3313.65322	0.07364
3312.68882	0.07356
3311.72443	0.07341
3310.76004	0.07319
3309.79565	0.07291
3308.83125	0.07265
3307.86686	0.07244
3306.90247	0.07233
3305.93807	0.07235
3304.97368	0.07250
3304.00929	0.07276
3303.04490	0.07305
3302.08050	0.07331
3301.11611	0.07349
3300.15172	0.07359
3299.18733	0.07360
3298.22293	0.07352
3297.25854	0.07337
3296.29415	0.07321
3295.32976	0.07310
3294.36536	0.07306
3293.40097	0.07308
3292.43658	0.07313
3291.47218	0.07323
3290.50779	0.07339
3289.54340	0.07357
3288.57901	0.07371
3287.61461	0.07378
3286.65022	0.07380
3285.68583	0.07383
3284.72144	0.07387
3283.75704	0.07391
3282.79265	0.07393
3281.82826	0.07393
3280.86386	0.07392
3279.89947	0.07391
3278.93508	0.07387
3277.97069	0.07380
3277.00629	0.07369
3276.04190	0.07356
3275.07751	0.07342
3274.11312	0.07328
3273.14872	0.07312
3272.18433	0.07297
3271.21994	0.07288
3270.25555	0.07291
3269.29115	0.07307
3268.32676	0.07330
3267.36237	0.07354
3266.39797	0.07374
3265.43358	0.07387
3264.46919	0.07393
3263.50480	0.07395
3262.54040	0.07395
3261.57601	0.07394
3260.61162	0.07391
3259.64723	0.07385
3258.68283	0.07374
3257.71844	0.07361
3256.75405	0.07349
3255.78966	0.07344
3254.82526	0.07345
3253.86087	0.07352
3252.89648	0.07358
3251.93208	0.07360
3250.96769	0.07357
3250.00330	0.07348
3249.03891	0.07336
3248.07451	0.07326
3247.11012	0.07324
3246.14573	0.07330
3245.18134	0.07343
3244.21694	0.07358
3243.25255	0.07373
3242.28816	0.07384
3241.32377	0.07392
3240.35937	0.07393
3239.39498	0.07388
3238.43059	0.07377
3237.46619	0.07362
3236.50180	0.07346
3235.53741	0.07332
3234.57302	0.07324
3233.60862	0.07327
3232.64423	0.07341
3231.67984	0.07361
3230.71545	0.07380
3229.75105	0.07392
3228.78666	0.07395
3227.82227	0.07393
3226.85788	0.07389
3225.89348	0.07388
3224.92909	0.07389
3223.96470	0.07393
3223.00030	0.07397
3222.03591	0.07400
3221.07152	0.07400
3220.10713	0.07395
3219.14273	0.07390
3218.17834	0.07388
3217.21395	0.07388
3216.24956	0.07388
3215.28516	0.07387
3214.32077	0.07385
3213.35638	0.07385
3212.39199	0.07387
3211.42759	0.07389
3210.46320	0.07389
3209.49881	0.07388
3208.53441	0.07386
3207.57002	0.07384
3206.60563	0.07382
3205.64124	0.07383
3204.67684	0.07384
3203.71245	0.07386
3202.74806	0.07390
3201.78367	0.07395
3200.81927	0.07400
3199.85488	0.07403
3198.89049	0.07406
3197.92610	0.07406
3196.96170	0.07406
3195.99731	0.07403
3195.03292	0.07397
3194.06852	0.07391
3193.10413	0.07384
3192.13974	0.07380
3191.17535	0.07377
3190.21095	0.07377
3189.24656	0.07380
3188.28217	0.07388
3187.31778	0.07399
3186.35338	0.07410
3185.38899	0.07416
3184.42460	0.07415
3183.46021	0.07407
3182.49581	0.07398
3181.53142	0.07391
3180.56703	0.07387
3179.60263	0.07384
3178.63824	0.07382
3177.67385	0.07380
3176.70946	0.07380
3175.74506	0.07382
3174.78067	0.07383
3173.81628	0.07384
3172.85189	0.07385
3171.88749	0.07387
3170.92310	0.07388
3169.95871	0.07390
3168.99432	0.07391
3168.02992	0.07390
3167.06553	0.07388
3166.10114	0.07386
3165.13674	0.07384
3164.17235	0.07383
3163.20796	0.07383
3162.24357	0.07383
3161.27917	0.07383
3160.31478	0.07382
3159.35039	0.07381
3158.38600	0.07378
3157.42160	0.07373
3156.45721	0.07364
3155.49282	0.07353
3154.52843	0.07340
3153.56403	0.07330
3152.59964	0.07327
3151.63525	0.07331
3150.67085	0.07342
3149.70646	0.07355
3148.74207	0.07367
3147.77768	0.07375
3146.81328	0.07380
3145.84889	0.07383
3144.88450	0.07384
3143.92011	0.07381
3142.95571	0.07375
3141.99132	0.07363
3141.02693	0.07349
3140.06254	0.07338
3139.09814	0.07334
3138.13375	0.07339
3137.16936	0.07350
3136.20496	0.07361
3135.24057	0.07369
3134.27618	0.07373
3133.31179	0.07371
3132.34739	0.07367
3131.38300	0.07364
3130.41861	0.07365
3129.45422	0.07374
3128.48982	0.07389
3127.52543	0.07405
3126.56104	0.07415
3125.59664	0.07416
3124.63225	0.07408
3123.66786	0.07394
3122.70347	0.07376
3121.73907	0.07357
3120.77468	0.07342
3119.81029	0.07334
3118.84590	0.07330
3117.88150	0.07328
3116.91711	0.07329
3115.95272	0.07335
3114.98833	0.07345
3114.02393	0.07358
3113.05954	0.07369
3112.09515	0.07374
3111.13075	0.07372
3110.16636	0.07367
3109.20197	0.07362
3108.23758	0.07360
3107.27318	0.07363
3106.30879	0.07368
3105.34440	0.07375
3104.38001	0.07382
3103.41561	0.07386
3102.45122	0.07386
3101.48683	0.07381
3100.52244	0.07376
3099.55804	0.07374
3098.59365	0.07375
3097.62926	0.07377
3096.66486	0.07377
3095.70047	0.07375
3094.73608	0.07372
3093.77169	0.07365
3092.80729	0.07355
3091.84290	0.07344
3090.87851	0.07336
3089.91412	0.07333
3088.94972	0.07335
3087.98533	0.07338
3087.02094	0.07339
3086.05655	0.07340
3085.09215	0.07344
3084.12776	0.07351
3083.16337	0.07363
3082.19897	0.07373
3081.23458	0.07378
3080.27019	0.07377
3079.30580	0.07370
3078.34140	0.07360
3077.37701	0.07351
3076.41262	0.07347
3075.44823	0.07347
3074.48383	0.07351
3073.51944	0.07354
3072.55505	0.07354
3071.59066	0.07352
3070.62626	0.07346
3069.66187	0.07338
3068.69748	0.07330
3067.73308	0.07326
3066.76869	0.07328
3065.80430	0.07334
3064.83991	0.07343
3063.87551	0.07352
3062.91112	0.07361
3061.94673	0.07370
3060.98234	0.07377
3060.01794	0.07379
3059.05355	0.07374
3058.08916	0.07366
3057.12477	0.07357
3056.16037	0.07349
3055.19598	0.07344
3054.23159	0.07341
3053.26719	0.07341
3052.30280	0.07343
3051.33841	0.07350
3050.37402	0.07362
3049.40962	0.07372
3048.44523	0.07374
3047.48084	0.07364
3046.51645	0.07347
3045.55205	0.07329
3044.58766	0.07315
3043.62327	0.07306
3042.65888	0.07304
3041.69448	0.07309
3040.73009	0.07319
3039.76570	0.07334
3038.80130	0.07348
3037.83691	0.07357
3036.87252	0.07360
3035.90813	0.07358
3034.94373	0.07355
3033.97934	0.07356
3033.01495	0.07361
3032.05056	0.07368
3031.08616	0.07373
3030.12177	0.07376
3029.15738	0.07381
3028.19299	0.07386
3027.22859	0.07390
3026.26420	0.07391
3025.29981	0.07389
3024.33541	0.07387
3023.37102	0.07385
3022.40663	0.07382
3021.44224	0.07375
3020.47784	0.07365
3019.51345	0.07354
3018.54906	0.07343
3017.58467	0.07333
3016.62027	0.07325
3015.65588	0.07322
3014.69149	0.07324
3013.72710	0.07331
3012.76270	0.07339
3011.79831	0.07346
3010.83392	0.07356
3009.86952	0.07368
3008.90513	0.07384
3007.94074	0.07401
3006.97635	0.07416
3006.01195	0.07429
3005.04756	0.07436
3004.08317	0.07436
3003.11878	0.07432
3002.15438	0.07425
3001.18999	0.07416
3000.22560	0.07405
2999.26121	0.07393
2998.29681	0.07385
2997.33242	0.07392
2996.36803	0.07416
2995.40363	0.07438
2994.43924	0.07439
2993.47485	0.07422
2992.51046	0.07411
2991.54606	0.07420
2990.58167	0.07446
2989.61728	0.07475
2988.65289	0.07498
2987.68849	0.07509
2986.72410	0.07512
2985.75971	0.07511
2984.79532	0.07511
2983.83092	0.07508
2982.86653	0.07501
2981.90214	0.07497
2980.93774	0.07503
2979.97335	0.07519
2979.00896	0.07545
2978.04457	0.07578
2977.08017	0.07608
2976.11578	0.07631
2975.15139	0.07657
2974.18700	0.07693
2973.22260	0.07738
2972.25821	0.07784
2971.29382	0.07830
2970.32943	0.07879
2969.36503	0.07930
2968.40064	0.07983
2967.43625	0.08036
2966.47185	0.08086
2965.50746	0.08127
2964.54307	0.08158
2963.57868	0.08182
2962.61428	0.08203
2961.64989	0.08223
2960.68550	0.08234
2959.72111	0.08232
2958.75671	0.08215
2957.79232	0.08189
2956.82793	0.08154
2955.86353	0.08109
2954.89914	0.08053
2953.93475	0.07990
2952.97036	0.07936
2952.00596	0.07907
2951.04157	0.07899
2950.07718	0.07893
2949.11279	0.07876
2948.14839	0.07852
2947.18400	0.07835
2946.21961	0.07831
2945.25522	0.07835
2944.29082	0.07848
2943.32643	0.07878
2942.36204	0.07923
2941.39764	0.07969
2940.43325	0.08008
2939.46886	0.08041
2938.50447	0.08074
2937.54007	0.08106
2936.57568	0.08136
2935.61129	0.08161
2934.64690	0.08178
2933.68250	0.08182
2932.71811	0.08168
2931.75372	0.08138
2930.78933	0.08101
2929.82493	0.08075
2928.86054	0.08066
2927.89615	0.08065
2926.93175	0.08058
2925.96736	0.08042
2925.00297	0.08019
2924.03858	0.07996
2923.07418	0.07973
2922.10979	0.07952
2921.14540	0.07928
2920.18101	0.07899
2919.21661	0.07867
2918.25222	0.07837
2917.28783	0.07814
2916.32344	0.07797
2915.35904	0.07779
2914.39465	0.07763
2913.43026	0.07756
2912.46586	0.07760
2911.50147	0.07768
2910.53708	0.07771
2909.57269	0.07773
2908.60829	0.07775
2907.64390	0.07773
2906.67951	0.07763
2905.71512	0.07748
2904.75072	0.07733
2903.78633	0.07726
2902.82194	0.07724
2901.85755	0.07724
2900.89315	0.07719
2899.92876	0.07712
2898.96437	0.07700
2897.99997	0.07682
2897.03558	0.07660
2896.07119	0.07646
2895.10680	0.07648
2894.14240	0.07660
2893.17801	0.07670
2892.21362	0.07672
2891.24923	0.07672
2890.28483	0.07672
2889.32044	0.07674
2888.35605	0.07677
2887.39166	0.07681
2886.42726	0.07686
2885.46287	0.07694
2884.49848	0.07705
2883.53408	0.07719
2882.56969	0.07736
2881.60530	0.07757
2880.64091	0.07782
2879.67651	0.07813
2878.71212	0.07847
2877.74773	0.07883
2876.78334	0.07913
2875.81894	0.07929
2874.85455	0.07929
2873.89016	0.07926
2872.92577	0.07934
2871.96137	0.07954
2870.99698	0.07975
2870.03259	0.07988
2869.06819	0.07995
2868.10380	0.07997
2867.13941	0.07999
2866.17502	0.08001
2865.21062	0.08004
2864.24623	0.08004
2863.28184	0.08000
2862.31745	0.07987
2861.35305	0.07967
2860.38866	0.07949
2859.42427	0.07941
2858.45988	0.07943
2857.49548	0.07944
2856.53109	0.07938
2855.56670	0.07928
2854.60230	0.07915
2853.63791	0.07900
2852.67352	0.07883
2851.70913	0.07863
2850.74473	0.07837
2849.78034	0.07805
2848.81595	0.07770
2847.85156	0.07743
2846.88716	0.07728
2845.92277	0.07721
2844.95838	0.07711
2843.99399	0.07694
2843.02959	0.07673
2842.06520	0.07646
2841.10081	0.07610
2840.13641	0.07567
2839.17202	0.07532
2838.20763	0.07517
2837.24324	0.07519
2836.27884	0.07522
2835.31445	0.07520
2834.35006	0.07516
2833.38567	0.07515
2832.42127	0.07515
2831.45688	0.07514
2830.49249	0.07512
2829.52810	0.07510
2828.56370	0.07506
2827.59931	0.07501
2826.63492	0.07495
2825.67052	0.07489
2824.70613	0.07483
2823.74174	0.07479
2822.77735	0.07477
2821.81295	0.07476
2820.84856	0.07475
2819.88417	0.07474
2818.91978	0.07473
2817.95538	0.07473
2816.99099	0.07474
2816.02660	0.07475
2815.06221	0.07475
2814.09781	0.07475
2813.13342	0.07472
2812.16903	0.07464
2811.20463	0.07452
2810.24024	0.07445
2809.27585	0.07450
2808.31146	0.07463
2807.34706	0.07474
2806.38267	0.07482
2805.41828	0.07486
2804.45389	0.07490
2803.48949	0.07495
2802.52510	0.07499
2801.56071	0.07498
2800.59632	0.07491
2799.63192	0.07479
2798.66753	0.07473
2797.70314	0.07477
2796.73874	0.07487
2795.77435	0.07494
2794.80996	0.07499
2793.84557	0.07500
2792.88117	0.07494
2791.91678	0.07483
2790.95239	0.07471
2789.98800	0.07461
2789.02360	0.07458
2788.05921	0.07466
2787.09482	0.07479
2786.13042	0.07487
2785.16603	0.07489
2784.20164	0.07486
2783.23725	0.07483
2782.27285	0.07480
2781.30846	0.07478
2780.34407	0.07478
2779.37968	0.07477
2778.41528	0.07473
2777.45089	0.07463
2776.48650	0.07448
2775.52211	0.07435
2774.55771	0.07434
2773.59332	0.07444
2772.62893	0.07455
2771.66453	0.07463
2770.70014	0.07467
2769.73575	0.07468
2768.77136	0.07468
2767.80696	0.07467
2766.84257	0.07466
2765.87818	0.07466
2764.91379	0.07466
2763.94939	0.07467
2762.98500	0.07467
2762.02061	0.07467
2761.05622	0.07465
2760.09182	0.07464
2759.12743	0.07463
2758.16304	0.07461
2757.19864	0.07460
2756.23425	0.07460
2755.26986	0.07462
2754.30547	0.07465
2753.34107	0.07465
2752.37668	0.07461
2751.41229	0.07453
2750.44790	0.07445
2749.48350	0.07440
2748.51911	0.07438
2747.55472	0.07441
2746.59033	0.07450
2745.62593	0.07461
2744.66154	0.07469
2743.69715	0.07473
2742.73275	0.07475
2741.76836	0.07476
2740.80397	0.07475
2739.83958	0.07473
2738.87518	0.07469
2737.91079	0.07466
2736.94640	0.07466
2735.98201	0.07471
2735.01761	0.07477
2734.05322	0.07479
2733.08883	0.07480
2732.12444	0.07479
2731.16004	0.07480
2730.19565	0.07479
2729.23126	0.07475
2728.26686	0.07464
2727.30247	0.07451
2726.33808	0.07443
2725.37369	0.07447
2724.40929	0.07456
2723.44490	0.07461
2722.48051	0.07464
2721.51612	0.07468
2720.55172	0.07474
2719.58733	0.07477
2718.62294	0.07478
2717.65855	0.07477
2716.69415	0.07476
2715.72976	0.07476
2714.76537	0.07477
2713.80097	0.07478
2712.83658	0.07479
2711.87219	0.07477
2710.90780	0.07476
2709.94340	0.07475
2708.97901	0.07476
2708.01462	0.07478
2707.05023	0.07480
2706.08583	0.07482
2705.12144	0.07482
2704.15705	0.07483
2703.19266	0.07483
2702.22826	0.07483
2701.26387	0.07483
2700.29948	0.07482
2699.33508	0.07482
2698.37069	0.07482
2697.40630	0.07483
2696.44191	0.07485
2695.47751	0.07487
2694.51312	0.07489
2693.54873	0.07490
2692.58434	0.07491
2691.61994	0.07492
2690.65555	0.07491
2689.69116	0.07490
2688.72677	0.07490
2687.76237	0.07491
2686.79798	0.07492
2685.83359	0.07493
2684.86919	0.07493
2683.90480	0.07491
2682.94041	0.07486
2681.97602	0.07477
2681.01162	0.07470
2680.04723	0.07469
2679.08284	0.07470
2678.11845	0.07472
2677.15405	0.07476
2676.18966	0.07482
2675.22527	0.07486
2674.26088	0.07487
2673.29648	0.07488
2672.33209	0.07492
2671.36770	0.07498
2670.40330	0.07502
2669.43891	0.07503
2668.47452	0.07503
2667.51013	0.07503
2666.54573	0.07505
2665.58134	0.07506
2664.61695	0.07508
2663.65256	0.07508
2662.68816	0.07507
2661.72377	0.07506
2660.75938	0.07506
2659.79499	0.07508
2658.83059	0.07510
2657.86620	0.07511
2656.90181	0.07512
2655.93741	0.07513
2654.97302	0.07514
2654.00863	0.07515
2653.04424	0.07516
2652.07984	0.07516
2651.11545	0.07515
2650.15106	0.07515
2649.18667	0.07515
2648.22227	0.07516
2647.25788	0.07517
2646.29349	0.07518
2645.32910	0.07518
2644.36470	0.07518
2643.40031	0.07519
2642.43592	0.07518
2641.47152	0.07516
2640.50713	0.07514
2639.54274	0.07513
2638.57835	0.07511
2637.61395	0.07513
2636.64956	0.07516
2635.68517	0.07517
2634.72078	0.07516
2633.75638	0.07515
2632.79199	0.07516
2631.82760	0.07518
2630.86321	0.07519
2629.89881	0.07520
2628.93442	0.07520
2627.97003	0.07519
2627.00563	0.07519
2626.04124	0.07519
2625.07685	0.07520
2624.11246	0.07522
2623.14806	0.07524
2622.18367	0.07526
2621.21928	0.07527
2620.25489	0.07528
2619.29049	0.07528
2618.32610	0.07527
2617.36171	0.07526
2616.39731	0.07526
2615.43292	0.07527
2614.46853	0.07528
2613.50414	0.07530
2612.53974	0.07530
2611.57535	0.07531
2610.61096	0.07531
2609.64657	0.07532
2608.68217	0.07532
2607.71778	0.07533
2606.75339	0.07534
2605.78900	0.07534
2604.82460	0.07535
2603.86021	0.07535
2602.89582	0.07534
2601.93142	0.07533
2600.96703	0.07534
2600.00264	0.07534
2599.03825	0.07535
2598.07385	0.07535
2597.10946	0.07536
2596.14507	0.07536
2595.18068	0.07537
2594.21628	0.07537
2593.25189	0.07538
2592.28750	0.07539
2591.32311	0.07539
2590.35871	0.07539
2589.39432	0.07539
2588.42993	0.07540
2587.46553	0.07541
2586.50114	0.07543
2585.53675	0.07543
2584.57236	0.07542
2583.60796	0.07540
2582.64357	0.07540
2581.67918	0.07540
2580.71479	0.07541
2579.75039	0.07542
2578.78600	0.07542
2577.82161	0.07541
2576.85722	0.07540
2575.89282	0.07539
2574.92843	0.07539
2573.96404	0.07540
2572.99964	0.07542
2572.03525	0.07543
2571.07086	0.07543
2570.10647	0.07544
2569.14207	0.07545
2568.17768	0.07547
2567.21329	0.07547
2566.24890	0.07547
2565.28450	0.07547
2564.32011	0.07547
2563.35572	0.07548
2562.39133	0.07549
2561.42693	0.07550
2560.46254	0.07550
2559.49815	0.07550
2558.53375	0.07550
2557.56936	0.07551
2556.60497	0.07552
2555.64058	0.07552
2554.67618	0.07553
2553.71179	0.07554
2552.74740	0.07555
2551.78301	0.07556
2550.81861	0.07556
2549.85422	0.07556
2548.88983	0.07556
2547.92544	0.07556
2546.96104	0.07556
2545.99665	0.07556
2545.03226	0.07555
2544.06786	0.07554
2543.10347	0.07554
2542.13908	0.07555
2541.17469	0.07557
2540.21029	0.07558
2539.24590	0.07558
2538.28151	0.07558
2537.31712	0.07558
2536.35272	0.07557
2535.38833	0.07556
2534.42394	0.07557
2533.45955	0.07557
2532.49515	0.07557
2531.53076	0.07557
2530.56637	0.07557
2529.60197	0.07557
2528.63758	0.07557
2527.67319	0.07557
2526.70880	0.07556
2525.74440	0.07556
2524.78001	0.07557
2523.81562	0.07557
2522.85123	0.07557
2521.88683	0.07556
2520.92244	0.07555
2519.95805	0.07555
2518.99366	0.07556
2518.02926	0.07557
2517.06487	0.07558
2516.10048	0.07558
2515.13608	0.07558
2514.17169	0.07558
2513.20730	0.07558
2512.24291	0.07560
2511.27851	0.07561
2510.31412	0.07562
2509.34973	0.07563
2508.38534	0.07563
2507.42094	0.07562
2506.45655	0.07562
2505.49216	0.07562
2504.52777	0.07562
2503.56337	0.07561
2502.59898	0.07562
2501.63459	0.07562
2500.67019	0.07563
2499.70580	0.07564
2498.74141	0.07564
2497.77702	0.07564
2496.81262	0.07564
2495.84823	0.07563
2494.88384	0.07563
2493.91945	0.07564
2492.95505	0.07566
2491.99066	0.07567
2491.02627	0.07568
2490.06188	0.07568
2489.09748	0.07568
2488.13309	0.07568
2487.16870	0.07569
2486.20430	0.07570
2485.23991	0.07571
2484.27552	0.07572
2483.31113	0.07573
2482.34673	0.07574
2481.38234	0.07575
2480.41795	0.07576
2479.45356	0.07576
2478.48916	0.07577
2477.52477	0.07577
2476.56038	0.07577
2475.59599	0.07577
2474.63159	0.07577
2473.66720	0.07577
2472.70281	0.07578
2471.73841	0.07579
2470.77402	0.07579
2469.80963	0.07580
2468.84524	0.07580
2467.88084	0.07580
2466.91645	0.07579
2465.95206	0.07579
2464.98767	0.07579
2464.02327	0.07579
2463.05888	0.07579
2462.09449	0.07578
2461.13010	0.07578
2460.16570	0.07579
2459.20131	0.07580
2458.23692	0.07580
2457.27252	0.07581
2456.30813	0.07581
2455.34374	0.07581
2454.37935	0.07581
2453.41495	0.07581
2452.45056	0.07581
2451.48617	0.07581
2450.52178	0.07582
2449.55738	0.07583
2448.59299	0.07584
2447.62860	0.07584
2446.66420	0.07584
2445.69981	0.07584
2444.73542	0.07584
2443.77103	0.07584
2442.80663	0.07585
2441.84224	0.07586
2440.87785	0.07588
2439.91346	0.07590
2438.94906	0.07591
2437.98467	0.07592
2437.02028	0.07592
2436.05589	0.07593
2435.09149	0.07593
2434.12710	0.07593
2433.16271	0.07594
2432.19831	0.07594
2431.23392	0.07595
2430.26953	0.07596
2429.30514	0.07598
2428.34074	0.07599
2427.37635	0.07600
2426.41196	0.07601
2425.44757	0.07602
2424.48317	0.07604
2423.51878	0.07605
2422.55439	0.07606
2421.59000	0.07607
2420.62560	0.07608
2419.66121	0.07609
2418.69682	0.07609
2417.73242	0.07611
2416.76803	0.07612
2415.80364	0.07613
2414.83925	0.07614
2413.87485	0.07615
2412.91046	0.07616
2411.94607	0.07618
2410.98168	0.07620
2410.01728	0.07622
2409.05289	0.07623
2408.08850	0.07623
2407.12411	0.07624
2406.15971	0.07625
2405.19532	0.07628
2404.23093	0.07630
2403.26653	0.07631
2402.30214	0.07633
2401.33775	0.07635
2400.37336	0.07637
2399.40896	0.07640
2398.44457	0.07642
2397.48018	0.07644
2396.51579	0.07646
2395.55139	0.07648
2394.58700	0.07650
2393.62261	0.07653
2392.65822	0.07657
2391.69382	0.07662
2390.72943	0.07669
2389.76504	0.07681
2388.80064	0.07698
2387.83625	0.07723
2386.87186	0.07756
2385.90747	0.07799
2384.94307	0.07851
2383.97868	0.07911
2383.01429	0.07976
2382.04990	0.08041
2381.08550	0.08102
2380.12111	0.08152
2379.15672	0.08187
2378.19233	0.08205
2377.22793	0.08205
2376.26354	0.08190
2375.29915	0.08165
2374.33475	0.08135
2373.37036	0.08105
2372.40597	0.08074
2371.44158	0.08038
2370.47718	0.07996
2369.51279	0.07947
2368.54840	0.07896
2367.58401	0.07851
2366.61961	0.07815
2365.65522	0.07786
2364.69083	0.07761
2363.72644	0.07739
2362.76204	0.07727
2361.79765	0.07725
2360.83326	0.07727
2359.86886	0.07722
2358.90447	0.07708
2357.94008	0.07693
2356.97569	0.07691
2356.01129	0.07714
2355.04690	0.07762
2354.08251	0.07833
2353.11812	0.07922
2352.15372	0.08021
2351.18933	0.08110
2350.22494	0.08176
2349.26055	0.08211
2348.29615	0.08218
2347.33176	0.08196
2346.36737	0.08144
2345.40297	0.08066
2344.43858	0.07970
2343.47419	0.07870
2342.50980	0.07782
2341.54540	0.07719
2340.58101	0.07685
2339.61662	0.07676
2338.65223	0.07682
2337.68783	0.07696
2336.72344	0.07713
2335.75905	0.07735
2334.79466	0.07771
2333.83026	0.07827
2332.86587	0.07896
2331.90148	0.07965
2330.93708	0.08020
2329.97269	0.08060
2329.00830	0.08088
2328.04391	0.08117
2327.07951	0.08159
2326.11512	0.08217
2325.15073	0.08285
2324.18634	0.08348
2323.22194	0.08390
2322.25755	0.08406
2321.29316	0.08397
2320.32877	0.08375
2319.36437	0.08353
2318.39998	0.08341
2317.43559	0.08341
2316.47119	0.08355
2315.50680	0.08380
2314.54241	0.08411
2313.57802	0.08441
2312.61362	0.08463
2311.64923	0.08474
2310.68484	0.08473
2309.72045	0.08463
2308.75605	0.08447
2307.79166	0.08425
2306.82727	0.08398
2305.86288	0.08369
2304.89848	0.08340
2303.93409	0.08315
2302.96970	0.08294
2302.00530	0.08277
2301.04091	0.08261
2300.07652	0.08246
2299.11213	0.08230
2298.14773	0.08215
2297.18334	0.08199
2296.21895	0.08181
2295.25456	0.08164
2294.29016	0.08148
2293.32577	0.08133
2292.36138	0.08121
2291.39699	0.08109
2290.43259	0.08097
2289.46820	0.08085
2288.50381	0.08072
2287.53941	0.08059
2286.57502	0.08046
2285.61063	0.08035
2284.64624	0.08026
2283.68184	0.08019
2282.71745	0.08013
2281.75306	0.08007
2280.78867	0.07999
2279.82427	0.07989
2278.85988	0.07977
2277.89549	0.07964
2276.93109	0.07950
2275.96670	0.07937
2275.00231	0.07925
2274.03792	0.07913
2273.07352	0.07903
2272.10913	0.07894
2271.14474	0.07887
2270.18035	0.07882
2269.21595	0.07877
2268.25156	0.07872
2267.28717	0.07868
2266.32278	0.07864
2265.35838	0.07859
2264.39399	0.07855
2263.42960	0.07850
2262.46520	0.07846
2261.50081	0.07841
2260.53642	0.07837
2259.57203	0.07832
2258.60763	0.07828
2257.64324	0.07824
2256.67885	0.07819
2255.71446	0.07814
2254.75006	0.07810
2253.78567	0.07806
2252.82128	0.07806
2251.85689	0.07808
2250.89249	0.07813
2249.92810	0.07818
2248.96371	0.07815
2247.99931	0.07807
2247.03492	0.07798
2246.07053	0.07790
2245.10614	0.07782
2244.14174	0.07776
2243.17735	0.07770
2242.21296	0.07764
2241.24857	0.07758
2240.28417	0.07753
2239.31978	0.07748
2238.35539	0.07743
2237.39100	0.07739
2236.42660	0.07735
2235.46221	0.07731
2234.49782	0.07728
2233.53342	0.07724
2232.56903	0.07721
2231.60464	0.07719
2230.64025	0.07717
2229.67585	0.07715
2228.71146	0.07712
2227.74707	0.07710
2226.78268	0.07709
2225.81828	0.07708
2224.85389	0.07706
2223.88950	0.07705
2222.92511	0.07703
2221.96071	0.07701
2220.99632	0.07700
2220.03193	0.07699
2219.06753	0.07699
2218.10314	0.07698
2217.13875	0.07697
2216.17436	0.07695
2215.20996	0.07694
2214.24557	0.07694
2213.28118	0.07694
2212.31679	0.07694
2211.35239	0.07693
2210.38800	0.07693
2209.42361	0.07692
2208.45922	0.07692
2207.49482	0.07693
2206.53043	0.07694
2205.56604	0.07695
2204.60164	0.07694
2203.63725	0.07693
2202.67286	0.07691
2201.70847	0.07691
2200.74407	0.07691
2199.77968	0.07691
2198.81529	0.07691
2197.85090	0.07691
2196.88650	0.07691
2195.92211	0.07691
2194.95772	0.07692
2193.99333	0.07692
2193.02893	0.07692
2192.06454	0.07692
2191.10015	0.07692
2190.13575	0.07693
2189.17136	0.07694
2188.20697	0.07696
2187.24258	0.07697
2186.27818	0.07696
2185.31379	0.07695
2184.34940	0.07693
2183.38501	0.07692
2182.42061	0.07693
2181.45622	0.07694
2180.49183	0.07695
2179.52744	0.07695
2178.56304	0.07695
2177.59865	0.07696
2176.63426	0.07696
2175.66986	0.07696
2174.70547	0.07697
2173.74108	0.07698
2172.77669	0.07699
2171.81229	0.07699
2170.84790	0.07699
2169.88351	0.07700
2168.91912	0.07700
2167.95472	0.07701
2166.99033	0.07702
2166.02594	0.07703
2165.06155	0.07705
2164.09715	0.07707
2163.13276	0.07709
2162.16837	0.07711
2161.20397	0.07711
2160.23958	0.07708
2159.27519	0.07707
2158.31080	0.07707
2157.34640	0.07708
2156.38201	0.07709
2155.41762	0.07709
2154.45323	0.07711
2153.48883	0.07712
2152.52444	0.07714
2151.56005	0.07714
2150.59566	0.07714
2149.63126	0.07715
2148.66687	0.07718
2147.70248	0.07722
2146.73808	0.07725
2145.77369	0.07722
2144.80930	0.07712
2143.84491	0.07701
2142.88051	0.07697
2141.91612	0.07704
2140.95173	0.07715
2139.98734	0.07724
2139.02294	0.07731
2138.05855	0.07737
2137.09416	0.07743
2136.12977	0.07745
2135.16537	0.07739
2134.20098	0.07730
2133.23659	0.07725
2132.27219	0.07724
2131.30780	0.07724
2130.34341	0.07725
2129.37902	0.07726
2128.41462	0.07727
2127.45023	0.07728
2126.48584	0.07729
2125.52145	0.07730
2124.55705	0.07731
2123.59266	0.07731
2122.62827	0.07731
2121.66388	0.07732
2120.69948	0.07731
2119.73509	0.07730
2118.77070	0.07730
2117.80630	0.07734
2116.84191	0.07742
2115.87752	0.07753
2114.91313	0.07758
2113.94873	0.07753
2112.98434	0.07743
2112.01995	0.07736
2111.05556	0.07733
2110.09116	0.07733
2109.12677	0.07735
2108.16238	0.07737
2107.19798	0.07738
2106.23359	0.07738
2105.26920	0.07739
2104.30481	0.07739
2103.34041	0.07740
2102.37602	0.07741
2101.41163	0.07743
2100.44724	0.07743
2099.48284	0.07743
2098.51845	0.07742
2097.55406	0.07742
2096.58967	0.07742
2095.62527	0.07742
2094.66088	0.07743
2093.69649	0.07745
2092.73209	0.07749
2091.76770	0.07754
2090.80331	0.07759
2089.83892	0.07762
2088.87452	0.07763
2087.91013	0.07762
2086.94574	0.07758
2085.98135	0.07754
2085.01695	0.07751
2084.05256	0.07749
2083.08817	0.07749
2082.12378	0.07751
2081.15938	0.07753
2080.19499	0.07755
2079.23060	0.07757
2078.26620	0.07759
2077.30181	0.07760
2076.33742	0.07760
2075.37303	0.07761
2074.40863	0.07762
2073.44424	0.07761
2072.47985	0.07760
2071.51546	0.07759
2070.55106	0.07759
2069.58667	0.07760
2068.62228	0.07761
2067.65789	0.07762
2066.69349	0.07762
2065.72910	0.07761
2064.76471	0.07762
2063.80031	0.07765
2062.83592	0.07772
2061.87153	0.07781
2060.90714	0.07788
2059.94274	0.07790
2058.97835	0.07789
2058.01396	0.07787
2057.04957	0.07785
2056.08517	0.07785
2055.12078	0.07785
2054.15639	0.07786
2053.19200	0.07787
2052.22760	0.07788
2051.26321	0.07790
2050.29882	0.07791
2049.33442	0.07794
2048.37003	0.07798
2047.40564	0.07803
2046.44125	0.07809
2045.47685	0.07815
2044.51246	0.07818
2043.54807	0.07818
2042.58368	0.07815
2041.61928	0.07809
2040.65489	0.07804
2039.69050	0.07802
2038.72611	0.07802
2037.76171	0.07803
2036.79732	0.07804
2035.83293	0.07804
2034.86853	0.07804
2033.90414	0.07805
2032.93975	0.07806
2031.97536	0.07810
2031.01096	0.07814
2030.04657	0.07820
2029.08218	0.07826
2028.11779	0.07830
2027.15339	0.07832
2026.18900	0.07834
2025.22461	0.07836
2024.26022	0.07839
2023.29582	0.07842
2022.33143	0.07843
2021.36704	0.07842
2020.40264	0.07841
2019.43825	0.07839
2018.47386	0.07836
2017.50947	0.07833
2016.54507	0.07832
2015.58068	0.07834
2014.61629	0.07839
2013.65190	0.07845
2012.68750	0.07852
2011.72311	0.07859
2010.75872	0.07867
2009.79433	0.07875
2008.82993	0.07881
2007.86554	0.07883
2006.90115	0.07881
2005.93675	0.07876
2004.97236	0.07871
2004.00797	0.07867
2003.04358	0.07865
2002.07918	0.07864
2001.11479	0.07863
2000.15040	0.07863
1999.18601	0.07862
1998.22161	0.07864
1997.25722	0.07868
1996.29283	0.07874
1995.32844	0.07882
1994.36404	0.07890
1993.39965	0.07893
1992.43526	0.07889
1991.47086	0.07878
1990.50647	0.07868
1989.54208	0.07862
1988.57769	0.07857
1987.61329	0.07853
1986.64890	0.07851
1985.68451	0.07851
1984.72012	0.07850
1983.75572	0.07850
1982.79133	0.07849
1981.82694	0.07849
1980.86255	0.07848
1979.89815	0.07847
1978.93376	0.07847
1977.96937	0.07846
1977.00497	0.07845
1976.04058	0.07844
1975.07619	0.07843
1974.11180	0.07841
1973.14740	0.07841
1972.18301	0.07841
1971.21862	0.07843
1970.25423	0.07845
1969.28983	0.07846
1968.32544	0.07844
1967.36105	0.07840
1966.39666	0.07834
1965.43226	0.07830
1964.46787	0.07829
1963.50348	0.07831
1962.53908	0.07837
1961.57469	0.07847
1960.61030	0.07861
1959.64591	0.07872
1958.68151	0.07878
1957.71712	0.07873
1956.75273	0.07860
1955.78834	0.07845
1954.82394	0.07830
1953.85955	0.07821
1952.89516	0.07817
1951.93077	0.07817
1950.96637	0.07819
1950.00198	0.07820
1949.03759	0.07820
1948.07319	0.07819
1947.10880	0.07818
1946.14441	0.07819
1945.18002	0.07823
1944.21562	0.07828
1943.25123	0.07830
1942.28684	0.07827
1941.32245	0.07822
1940.35805	0.07817
1939.39366	0.07814
1938.42927	0.07810
1937.46487	0.07807
1936.50048	0.07805
1935.53609	0.07803
1934.57170	0.07802
1933.60730	0.07801
1932.64291	0.07801
1931.67852	0.07800
1930.71413	0.07800
1929.74973	0.07800
1928.78534	0.07802
1927.82095	0.07805
1926.85656	0.07809
1925.89216	0.07814
1924.92777	0.07818
1923.96338	0.07818
1922.99898	0.07819
1922.03459	0.07824
1921.07020	0.07835
1920.10581	0.07847
1919.14141	0.07851
1918.17702	0.07848
1917.21263	0.07841
1916.24824	0.07839
1915.28384	0.07840
1914.31945	0.07841
1913.35506	0.07840
1912.39067	0.07838
1911.42627	0.07834
1910.46188	0.07829
1909.49749	0.07823
1908.53309	0.07821
1907.56870	0.07822
1906.60431	0.07824
1905.63992	0.07827
1904.67552	0.07830
1903.71113	0.07832
1902.74674	0.07834
1901.78235	0.07836
1900.81795	0.07838
1899.85356	0.07840
1898.88917	0.07844
1897.92478	0.07848
1896.96038	0.07853
1895.99599	0.07857
1895.03160	0.07861
1894.06720	0.07867
1893.10281	0.07873
1892.13842	0.07878
1891.17403	0.07878
1890.20963	0.07872
1889.24524	0.07862
1888.28085	0.07857
1887.31646	0.07859
1886.35206	0.07864
1885.38767	0.07868
1884.42328	0.07867
1883.45889	0.07865
1882.49449	0.07862
1881.53010	0.07860
1880.56571	0.07859
1879.60131	0.07860
1878.63692	0.07864
1877.67253	0.07871
1876.70814	0.07879
1875.74374	0.07889
1874.77935	0.07901
1873.81496	0.07916
1872.85057	0.07934
1871.88617	0.07951
1870.92178	0.07960
1869.95739	0.07953
1868.99300	0.07935
1868.02860	0.07916
1867.06421	0.07904
1866.09982	0.07900
1865.13542	0.07901
1864.17103	0.07905
1863.20664	0.07911
1862.24225	0.07917
1861.27785	0.07926
1860.31346	0.07935
1859.34907	0.07944
1858.38468	0.07949
1857.42028	0.07951
1856.45589	0.07951
1855.49150	0.07951
1854.52711	0.07950
1853.56271	0.07950
1852.59832	0.07949
1851.63393	0.07948
1850.66953	0.07949
1849.70514	0.07957
1848.74075	0.07976
1847.77636	0.08005
1846.81196	0.08035
1845.84757	0.08049
1844.88318	0.08034
1843.91879	0.07999
1842.95439	0.07968
1841.99000	0.07954
1841.02561	0.07952
1840.06122	0.07955
1839.09682	0.07958
1838.13243	0.07956
1837.16804	0.07948
1836.20364	0.07936
1835.23925	0.07923
1834.27486	0.07911
1833.31047	0.07901
1832.34607	0.07894
1831.38168	0.07891
1830.41729	0.07890
1829.45290	0.07896
1828.48850	0.07916
1827.52411	0.07942
1826.55972	0.07965
1825.59533	0.07975
1824.63093	0.07972
1823.66654	0.07961
1822.70215	0.07947
1821.73775	0.07934
1820.77336	0.07923
1819.80897	0.07913
1818.84458	0.07904
1817.88018	0.07898
1816.91579	0.07895
1815.95140	0.07898
1814.98701	0.07901
1814.02261	0.07903
1813.05822	0.07898
1812.09383	0.07888
1811.12944	0.07877
1810.16504	0.07870
1809.20065	0.07869
1808.23626	0.07876
1807.27186	0.07889
1806.30747	0.07909
1805.34308	0.07938
1804.37869	0.07976
1803.41429	0.08015
1802.44990	0.08041
1801.48551	0.08042
1800.52112	0.08020
1799.55672	0.07988
1798.59233	0.07963
1797.62794	0.07950
1796.66355	0.07949
1795.69915	0.07955
1794.73476	0.07963
1793.77037	0.07967
1792.80597	0.07965
1791.84158	0.07961
1790.87719	0.07961
1789.91280	0.07966
1788.94840	0.07977
1787.98401	0.07994
1787.01962	0.08013
1786.05523	0.08028
1785.09083	0.08030
1784.12644	0.08013
1783.16205	0.07983
1782.19766	0.07951
1781.23326	0.07927
1780.26887	0.07915
1779.30448	0.07916
1778.34008	0.07930
1777.37569	0.07948
1776.41130	0.07961
1775.44691	0.07964
1774.48251	0.07954
1773.51812	0.07937
1772.55373	0.07921
1771.58934	0.07924
1770.62494	0.07956
1769.66055	0.08009
1768.69616	0.08057
1767.73176	0.08080
1766.76737	0.08076
1765.80298	0.08057
1764.83859	0.08034
1763.87419	0.08013
1762.90980	0.07995
1761.94541	0.07980
1760.98102	0.07974
1760.01662	0.07980
1759.05223	0.07995
1758.08784	0.08013
1757.12345	0.08033
1756.15905	0.08055
1755.19466	0.08081
1754.23027	0.08111
1753.26587	0.08139
1752.30148	0.08154
1751.33709	0.08146
1750.37270	0.08116
1749.40830	0.08077
1748.44391	0.08039
1747.47952	0.08012
1746.51513	0.08001
1745.55073	0.08004
1744.58634	0.08014
1743.62195	0.08024
1742.65756	0.08031
1741.69316	0.08035
1740.72877	0.08041
1739.76438	0.08054
1738.79998	0.08081
1737.83559	0.08114
1736.87120	0.08139
1735.90681	0.08141
1734.94241	0.08116
1733.97802	0.08081
1733.01363	0.08060
1732.04924	0.08061
1731.08484	0.08073
1730.12045	0.08081
1729.15606	0.08085
1728.19167	0.08087
1727.22727	0.08088
1726.26288	0.08090
1725.29849	0.08092
1724.33409	0.08097
1723.36970	0.08106
1722.40531	0.08118
1721.44092	0.08135
1720.47652	0.08151
1719.51213	0.08163
1718.54774	0.08170
1717.58335	0.08177
1716.61895	0.08183
1715.65456	0.08184
1714.69017	0.08179
1713.72578	0.08169
1712.76138	0.08161
1711.79699	0.08153
1710.83260	0.08142
1709.86820	0.08130
1708.90381	0.08120
1707.93942	0.08115
1706.97503	0.08122
1706.01063	0.08148
1705.04624	0.08197
1704.08185	0.08265
1703.11746	0.08336
1702.15306	0.08390
1701.18867	0.08413
1700.22428	0.08405
1699.25989	0.08378
1698.29549	0.08341
1697.33110	0.08293
1696.36671	0.08240
1695.40231	0.08203
1694.43792	0.08200
1693.47353	0.08224
1692.50914	0.08259
1691.54474	0.08289
1690.58035	0.08311
1689.61596	0.08324
1688.65157	0.08324
1687.68717	0.08307
1686.72278	0.08272
1685.75839	0.08223
1684.79400	0.08178
1683.82960	0.08161
1682.86521	0.08186
1681.90082	0.08240
1680.93642	0.08296
1679.97203	0.08335
1679.00764	0.08350
1678.04325	0.08343
1677.07885	0.08322
1676.11446	0.08293
1675.15007	0.08268
1674.18568	0.08261
1673.22128	0.08266
1672.25689	0.08272
1671.29250	0.08273
1670.32811	0.08266
1669.36371	0.08258
1668.39932	0.08257
1667.43493	0.08268
1666.47053	0.08287
1665.50614	0.08303
1664.54175	0.08311
1663.57736	0.08315
1662.61296	0.08327
1661.64857	0.08354
1660.68418	0.08396
1659.71979	0.08445
1658.75539	0.08493
1657.79100	0.08528
1656.82661	0.08539
1655.86222	0.08517
1654.89782	0.08468
1653.93343	0.08409
1652.96904	0.08367
1652.00464	0.08366
1651.04025	0.08410
1650.07586	0.08465
1649.11147	0.08497
1648.14707	0.08493
1647.18268	0.08467
1646.21829	0.08439
1645.25390	0.08432
1644.28950	0.08449
1643.32511	0.08481
1642.36072	0.08516
1641.39633	0.08548
1640.43193	0.08570
1639.46754	0.08578
1638.50315	0.08566
1637.53875	0.08530
1636.57436	0.08483
1635.60997	0.08446
1634.64558	0.08439
1633.68118	0.08468
1632.71679	0.08517
1631.75240	0.08565
1630.78801	0.08601
1629.82361	0.08624
1628.85922	0.08637
1627.89483	0.08647
1626.93044	0.08661
1625.96604	0.08678
1625.00165	0.08690
1624.03726	0.08698
1623.07286	0.08714
1622.10847	0.08746
1621.14408	0.08790
1620.17969	0.08828
1619.21529	0.08849
1618.25090	0.08851
1617.28651	0.08851
1616.32212	0.08869
1615.35772	0.08915
1614.39333	0.08980
1613.42894	0.09047
1612.46455	0.09107
1611.50015	0.09156
1610.53576	0.09199
1609.57137	0.09241
1608.60697	0.09289
1607.64258	0.09348
1606.67819	0.09420
1605.71380	0.09504
1604.74940	0.09598
1603.78501	0.09702
1602.82062	0.09815
1601.85623	0.09934
1600.89183	0.10059
1599.92744	0.10189
1598.96305	0.10322
1597.99865	0.10458
1597.03426	0.10597
1596.06987	0.10737
1595.10548	0.10880
1594.14108	0.11024
1593.17669	0.11169
1592.21230	0.11314
1591.24791	0.11454
1590.28351	0.11587
1589.31912	0.11709
1588.35473	0.11820
1587.39034	0.11923
1586.42594	0.12016
1585.46155	0.12102
1584.49716	0.12182
1583.53276	0.12254
1582.56837	0.12318
1581.60398	0.12373
1580.63959	0.12418
1579.67519	0.12449
1578.71080	0.12463
1577.74641	0.12460
1576.78202	0.12451
1575.81762	0.12459
1574.85323	0.12500
1573.88884	0.12571
1572.92445	0.12652
1571.96005	0.12727
1570.99566	0.12798
1570.03127	0.12876
1569.06687	0.12980
1568.10248	0.13121
1567.13809	0.13298
1566.17370	0.13494
1565.20930	0.13695
1564.24491	0.13889
1563.28052	0.14063
1562.31613	0.14206
1561.35173	0.14313
1560.38734	0.14402
1559.42295	0.14513
1558.45856	0.14683
1557.49416	0.14921
1556.52977	0.15197
1555.56538	0.15468
1554.60098	0.15702
1553.63659	0.15886
1552.67220	0.16022
1551.70781	0.16112
1550.74341	0.16159
1549.77902	0.16169
1548.81463	0.16151
1547.85024	0.16110
1546.88584	0.16040
1545.92145	0.15932
1544.95706	0.15775
1543.99267	0.15568
1543.02827	0.15314
1542.06388	0.15024
1541.09949	0.14721
1540.13509	0.14432
1539.17070	0.14181
1538.20631	0.13981
1537.24192	0.13823
1536.27752	0.13676
1535.31313	0.13509
1534.34874	0.13316
1533.38435	0.13111
1532.41995	0.12917
1531.45556	0.12747
1530.49117	0.12598
1529.52678	0.12463
1528.56238	0.12335
1527.59799	0.12213
1526.63360	0.12093
1525.66920	0.11974
1524.70481	0.11859
1523.74042	0.11749
1522.77603	0.11649
1521.81163	0.11566
1520.84724	0.11505
1519.88285	0.11460
1518.91846	0.11416
1517.95406	0.11360
1516.98967	0.11294
1516.02528	0.11224
1515.06089	0.11160
1514.09649	0.11105
1513.13210	0.11056
1512.16771	0.11007
1511.20331	0.10947
1510.23892	0.10860
1509.27453	0.10739
1508.31014	0.10585
1507.34574	0.10415
1506.38135	0.10257
1505.41696	0.10137
1504.45257	0.10062
1503.48817	0.10014
1502.52378	0.09970
1501.55939	0.09916
1500.59500	0.09846
1499.63060	0.09760
1498.66621	0.09663
1497.70182	0.09560
1496.73742	0.09460
1495.77303	0.09371
1494.80864	0.09302
1493.84425	0.09252
1492.87985	0.09213
1491.91546	0.09173
1490.95107	0.09126
1489.98668	0.09070
1489.02228	0.09007
1488.05789	0.08943
1487.09350	0.08884
1486.12911	0.08834
1485.16471	0.08796
1484.20032	0.08767
1483.23593	0.08744
1482.27153	0.08725
1481.30714	0.08711
1480.34275	0.08704
1479.37836	0.08706
1478.41396	0.08715
1477.44957	0.08724
1476.48518	0.08729
1475.52079	0.08725
1474.55639	0.08713
1473.59200	0.08696
1472.62761	0.08680
1471.66322	0.08672
1470.69882	0.08674
1469.73443	0.08680
1468.77004	0.08683
1467.80564	0.08677
1466.84125	0.08662
1465.87686	0.08643
1464.91247	0.08630
1463.94807	0.08632
1462.98368	0.08651
1462.01929	0.08681
1461.05490	0.08716
1460.09050	0.08750
1459.12611	0.08775
1458.16172	0.08783
1457.19733	0.08768
1456.23293	0.08734
1455.26854	0.08690
1454.30415	0.08641
1453.33975	0.08592
1452.37536	0.08544
1451.41097	0.08498
1450.44658	0.08456
1449.48218	0.08418
1448.51779	0.08383
1447.55340	0.08351
1446.58901	0.08325
1445.62461	0.08307
1444.66022	0.08298
1443.69583	0.08297
1442.73144	0.08305
1441.76704	0.08322
1440.80265	0.08345
1439.83826	0.08372
1438.87386	0.08397
1437.90947	0.08412
1436.94508	0.08412
1435.98069	0.08403
1435.01629	0.08391
1434.05190	0.08383
1433.08751	0.08374
1432.12312	0.08361
1431.15872	0.08344
1430.19433	0.08327
1429.22994	0.08317
1428.26554	0.08316
1427.30115	0.08324
1426.33676	0.08339
1425.37237	0.08358
1424.40797	0.08380
1423.44358	0.08406
1422.47919	0.08434
1421.51480	0.08461
1420.55040	0.08482
1419.58601	0.08495
1418.62162	0.08500
1417.65723	0.08492
1416.69283	0.08469
1415.72844	0.08435
1414.76405	0.08403
1413.79965	0.08379
1412.83526	0.08365
1411.87087	0.08362
1410.90648	0.08368
1409.94208	0.08380
1408.97769	0.08395
1408.01330	0.08411
1407.04891	0.08425
1406.08451	0.08435
1405.12012	0.08439
1404.15573	0.08441
1403.19134	0.08443
1402.22694	0.08445
1401.26255	0.08445
1400.29816	0.08446
1399.33376	0.08450
1398.36937	0.08458
1397.40498	0.08468
1396.44059	0.08476
1395.47619	0.08471
1394.51180	0.08452
1393.54741	0.08425
1392.58302	0.08404
1391.61862	0.08397
1390.65423	0.08403
1389.68984	0.08418
1388.72545	0.08435
1387.76105	0.08442
1386.79666	0.08437
1385.83227	0.08423
1384.86787	0.08407
1383.90348	0.08395
1382.93909	0.08385
1381.97470	0.08376
1381.01030	0.08368
1380.04591	0.08358
1379.08152	0.08347
1378.11713	0.08340
1377.15273	0.08340
1376.18834	0.08345
1375.22395	0.08347
1374.25956	0.08342
1373.29516	0.08332
1372.33077	0.08321
1371.36638	0.08312
1370.40198	0.08304
1369.43759	0.08297
1368.47320	0.08292
1367.50881	0.08293
1366.54441	0.08306
1365.58002	0.08329
1364.61563	0.08356
1363.65124	0.08377
1362.68684	0.08382
1361.72245	0.08366
1360.75806	0.08332
1359.79367	0.08286
1358.82927	0.08242
1357.86488	0.08210
1356.90049	0.08193
1355.93609	0.08185
1354.97170	0.08181
1354.00731	0.08177
1353.04292	0.08171
1352.07852	0.08164
1351.11413	0.08155
1350.14974	0.08146
1349.18535	0.08137
1348.22095	0.08131
1347.25656	0.08127
1346.29217	0.08127
1345.32778	0.08130
1344.36338	0.08137
1343.39899	0.08147
1342.43460	0.08158
1341.47020	0.08166
1340.50581	0.08166
1339.54142	0.08153
1338.57703	0.08133
1337.61263	0.08116
1336.64824	0.08104
1335.68385	0.08098
1334.71946	0.08098
1333.75506	0.08102
1332.79067	0.08108
1331.82628	0.08114
1330.86189	0.08119
1329.89749	0.08120
1328.93310	0.08117
1327.96871	0.08112
1327.00431	0.08108
1326.03992	0.08106
1325.07553	0.08107
1324.11114	0.08109
1323.14674	0.08109
1322.18235	0.08105
1321.21796	0.08102
1320.25357	0.08099
1319.28917	0.08099
1318.32478	0.08100
1317.36039	0.08099
1316.39600	0.08097
1315.43160	0.08092
1314.46721	0.08087
1313.50282	0.08082
1312.53842	0.08077
1311.57403	0.08073
1310.60964	0.08072
1309.64525	0.08072
1308.68085	0.08072
1307.71646	0.08073
1306.75207	0.08071
1305.78768	0.08069
1304.82328	0.08065
1303.85889	0.08060
1302.89450	0.08056
1301.93011	0.08054
1300.96571	0.08053
1300.00132	0.08056
1299.03693	0.08062
1298.07253	0.08069
1297.10814	0.08073
1296.14375	0.08073
1295.17936	0.08068
1294.21496	0.08063
1293.25057	0.08062
1292.28618	0.08068
1291.32179	0.08079
1290.35739	0.08094
1289.39300	0.08110
1288.42861	0.08125
1287.46422	0.08139
1286.49982	0.08152
1285.53543	0.08167
1284.57104	0.08187
1283.60664	0.08211
1282.64225	0.08241
1281.67786	0.08276
1280.71347	0.08314
1279.74907	0.08352
1278.78468	0.08390
1277.82029	0.08431
1276.85590	0.08476
1275.89150	0.08528
1274.92711	0.08585
1273.96272	0.08648
1272.99833	0.08715
1272.03393	0.08786
1271.06954	0.08864
1270.10515	0.08952
1269.14075	0.09054
1268.17636	0.09172
1267.21197	0.09311
1266.24758	0.09469
1265.28318	0.09645
1264.31879	0.09836
1263.35440	0.10038
1262.39001	0.10242
1261.42561	0.10439
1260.46122	0.10623
1259.49683	0.10785
1258.53243	0.10921
1257.56804	0.11030
1256.60365	0.11113
1255.63926	0.11172
1254.67486	0.11208
1253.71047	0.11226
1252.74608	0.11228
1251.78169	0.11215
1250.81729	0.11192
1249.85290	0.11159
1248.88851	0.11116
1247.92412	0.11064
1246.95972	0.11000
1245.99533	0.10925
1245.03094	0.10838
1244.06654	0.10739
1243.10215	0.10631
1242.13776	0.10518
1241.17337	0.10408
1240.20897	0.10304
1239.24458	0.10207
1238.28019	0.10120
1237.31580	0.10042
1236.35140	0.09976
1235.38701	0.09920
1234.42262	0.09878
1233.45823	0.09847
1232.49383	0.09828
1231.52944	0.09822
1230.56505	0.09830
1229.60065	0.09852
1228.63626	0.09890
1227.67187	0.09942
1226.70748	0.10004
1225.74308	0.10071
1224.77869	0.10133
1223.81430	0.10189
1222.84991	0.10236
1221.88551	0.10279
1220.92112	0.10318
1219.95673	0.10351
1218.99234	0.10375
1218.02794	0.10386
1217.06355	0.10383
1216.09916	0.10365
1215.13476	0.10336
1214.17037	0.10299
1213.20598	0.10253
1212.24159	0.10198
1211.27719	0.10132
1210.31280	0.10056
1209.34841	0.09975
1208.38402	0.09891
1207.41962	0.09807
1206.45523	0.09723
1205.49084	0.09640
1204.52645	0.09556
1203.56205	0.09473
1202.59766	0.09390
1201.63327	0.09309
1200.66887	0.09229
1199.70448	0.09152
1198.74009	0.09076
1197.77570	0.08997
1196.81130	0.08914
1195.84691	0.08832
1194.88252	0.08756
1193.91813	0.08684
1192.95373	0.08617
1191.98934	0.08552
1191.02495	0.08491
1190.06056	0.08435
1189.09616	0.08385
1188.13177	0.08343
1187.16738	0.08300
1186.20298	0.08254
1185.23859	0.08209
1184.27420	0.08176
1183.30981	0.08159
1182.34541	0.08152
1181.38102	0.08142
1180.41663	0.08118
1179.45224	0.08079
1178.48784	0.08036
1177.52345	0.08001
1176.55906	0.07981
1175.59467	0.07974
1174.63027	0.07971
1173.66588	0.07962
1172.70149	0.07947
1171.73709	0.07933
1170.77270	0.07922
1169.80831	0.07913
1168.84392	0.07905
1167.87952	0.07901
1166.91513	0.07900
1165.95074	0.07902
1164.98635	0.07904
1164.02195	0.07907
1163.05756	0.07910
1162.09317	0.07915
1161.12878	0.07923
1160.16438	0.07931
1159.19999	0.07940
1158.23560	0.07948
1157.27120	0.07956
1156.30681	0.07964
1155.34242	0.07975
1154.37803	0.07987
1153.41363	0.08001
1152.44924	0.08014
1151.48485	0.08026
1150.52046	0.08032
1149.55606	0.08032
1148.59167	0.08026
1147.62728	0.08017
1146.66289	0.08009
1145.69849	0.08004
1144.73410	0.08003
1143.76971	0.08005
1142.80531	0.08009
1141.84092	0.08017
1140.87653	0.08028
1139.91214	0.08042
1138.94774	0.08061
1137.98335	0.08084
1137.01896	0.08111
1136.05457	0.08138
1135.09017	0.08162
1134.12578	0.08185
1133.16139	0.08211
1132.19700	0.08244
1131.23260	0.08282
1130.26821	0.08321
1129.30382	0.08360
1128.33942	0.08398
1127.37503	0.08436
1126.41064	0.08475
1125.44625	0.08514
1124.48185	0.08553
1123.51746	0.08592
1122.55307	0.08633
1121.58868	0.08675
1120.62428	0.08717
1119.65989	0.08758
1118.69550	0.08798
1117.73111	0.08835
1116.76671	0.08868
1115.80232	0.08895
1114.83793	0.08915
1113.87353	0.08929
1112.90914	0.08941
1111.94475	0.08950
1110.98036	0.08956
1110.01596	0.08957
1109.05157	0.08954
1108.08718	0.08947
1107.12279	0.08937
1106.15839	0.08921
1105.19400	0.08900
1104.22961	0.08876
1103.26522	0.08849
1102.30082	0.08820
1101.33643	0.08791
1100.37204	0.08761
1099.40764	0.08731
1098.44325	0.08700
1097.47886	0.08669
1096.51447	0.08639
1095.55007	0.08610
1094.58568	0.08583
1093.62129	0.08559
1092.65690	0.08537
1091.69250	0.08519
1090.72811	0.08504
1089.76372	0.08493
1088.79932	0.08488
1087.83493	0.08485
1086.87054	0.08486
1085.90615	0.08489
1084.94175	0.08495
1083.97736	0.08507
1083.01297	0.08525
1082.04858	0.08549
1081.08418	0.08577
1080.11979	0.08606
1079.15540	0.08633
1078.19101	0.08660
1077.22661	0.08689
1076.26222	0.08719
1075.29783	0.08750
1074.33343	0.08780
1073.36904	0.08808
1072.40465	0.08833
1071.44026	0.08853
1070.47586	0.08869
1069.51147	0.08880
1068.54708	0.08886
1067.58269	0.08887
1066.61829	0.08882
1065.65390	0.08869
1064.68951	0.08850
1063.72512	0.08826
1062.76072	0.08800
1061.79633	0.08772
1060.83194	0.08743
1059.86754	0.08711
1058.90315	0.08680
1057.93876	0.08648
1056.97437	0.08617
1056.00997	0.08587
1055.04558	0.08557
1054.08119	0.08528
1053.11680	0.08499
1052.15240	0.08474
1051.18801	0.08453
1050.22362	0.08436
1049.25923	0.08420
1048.29483	0.08406
1047.33044	0.08393
1046.36605	0.08384
1045.40165	0.08380
1044.43726	0.08378
1043.47287	0.08377
1042.50848	0.08378
1041.54408	0.08380
1040.57969	0.08384
1039.61530	0.08390
1038.65091	0.08398
1037.68651	0.08407
1036.72212	0.08416
1035.75773	0.08428
1034.79334	0.08443
1033.82894	0.08464
1032.86455	0.08491
1031.90016	0.08523
1030.93576	0.08562
1029.97137	0.08608
1029.00698	0.08660
1028.04259	0.08721
1027.07819	0.08791
1026.11380	0.08872
1025.14941	0.08966
1024.18502	0.09074
1023.22062	0.09198
1022.25623	0.09338
1021.29184	0.09493
1020.32745	0.09664
1019.36305	0.09845
1018.39866	0.10033
1017.43427	0.10223
1016.46987	0.10411
1015.50548	0.10595
1014.54109	0.10772
1013.57670	0.10942
1012.61230	0.11104
1011.64791	0.11254
1010.68352	0.11391
1009.71913	0.11510
1008.75473	0.11610
1007.79034	0.11686
1006.82595	0.11735
1005.86156	0.11756
1004.89716	0.11748
1003.93277	0.11714
1002.96838	0.11657
1002.00398	0.11580
1001.03959	0.11486
1000.07520	0.11380
999.11081	0.11266
998.14641	0.11149
997.18202	0.11037
996.21763	0.10933
995.25324	0.10843
994.28884	0.10766
993.32445	0.10705
992.36006	0.10662
991.39567	0.10641
990.43127	0.10641
989.46688	0.10661
988.50249	0.10698
987.53809	0.10751
986.57370	0.10817
985.60931	0.10891
984.64492	0.10969
983.68052	0.11047
982.71613	0.11119
981.75174	0.11180
980.78735	0.11224
979.82295	0.11247
978.85856	0.11247
977.89417	0.11222
976.92978	0.11174
975.96538	0.11101
975.00099	0.11005
974.03660	0.10887
973.07220	0.10752
972.10781	0.10606
971.14342	0.10454
970.17903	0.10296
969.21463	0.10135
968.25024	0.09975
967.28585	0.09820
966.32146	0.09670
965.35706	0.09526
964.39267	0.09388
963.42828	0.09258
962.46389	0.09137
961.49949	0.09025
960.53510	0.08921
959.57071	0.08824
958.60631	0.08734
957.64192	0.08651
956.67753	0.08576
955.71314	0.08506
954.74874	0.08442
953.78435	0.08384
952.81996	0.08332
951.85557	0.08287
950.89117	0.08249
949.92678	0.08216
948.96239	0.08188
947.99800	0.08162
947.03360	0.08139
946.06921	0.08119
945.10482	0.08103
944.14042	0.08090
943.17603	0.08082
942.21164	0.08078
941.24725	0.08078
940.28285	0.08081
939.31846	0.08085
938.35407	0.08095
937.38968	0.08122
936.42528	0.08179
935.46089	0.08266
934.49650	0.08355
933.53211	0.08403
932.56771	0.08396
931.60332	0.08350
930.63893	0.08294
929.67453	0.08240
928.71014	0.08195
927.74575	0.08161
926.78136	0.08139
925.81696	0.08131
924.85257	0.08135
923.88818	0.08152
922.92379	0.08176
921.95939	0.08200
920.99500	0.08215
920.03061	0.08219
919.06621	0.08217
918.10182	0.08212
917.13743	0.08210
916.17304	0.08214
915.20864	0.08225
914.24425	0.08242
913.27986	0.08262
912.31547	0.08285
911.35107	0.08310
910.38668	0.08339
909.42229	0.08368
908.45790	0.08396
907.49350	0.08422
906.52911	0.08448
905.56472	0.08476
904.60032	0.08504
903.63593	0.08532
902.67154	0.08559
901.70715	0.08585
900.74275	0.08610
899.77836	0.08632
898.81397	0.08651
897.84958	0.08669
896.88518	0.08686
895.92079	0.08701
894.95640	0.08713
893.99201	0.08723
893.02761	0.08732
892.06322	0.08743
891.09883	0.08752
890.13443	0.08758
889.17004	0.08763
888.20565	0.08766
887.24126	0.08769
886.27686	0.08772
885.31247	0.08776
884.34808	0.08780
883.38369	0.08787
882.41929	0.08797
881.45490	0.08811
880.49051	0.08831
879.52612	0.08858
878.56172	0.08889
877.59733	0.08918
876.63294	0.08942
875.66854	0.08958
874.70415	0.08969
873.73976	0.08979
872.77537	0.08993
871.81097	0.09009
870.84658	0.09024
869.88219	0.09034
868.91780	0.09042
867.95340	0.09051
866.98901	0.09062
866.02462	0.09078
865.06023	0.09098
864.09583	0.09123
863.13144	0.09156
862.16705	0.09199
861.20265	0.09253
860.23826	0.09317
859.27387	0.09390
858.30948	0.09475
857.34508	0.09573
856.38069	0.09686
855.41630	0.09811
854.45191	0.09947
853.48751	0.10094
852.52312	0.10250
851.55873	0.10417
850.59434	0.10598
849.62994	0.10795
848.66555	0.11009
847.70116	0.11242
846.73676	0.11499
845.77237	0.11777
844.80798	0.12062
843.84359	0.12334
842.87919	0.12583
841.91480	0.12812
840.95041	0.13031
839.98602	0.13245
839.02162	0.13455
838.05723	0.13662
837.09284	0.13870
836.12845	0.14082
835.16405	0.14300
834.19966	0.14528
833.23527	0.14772
832.27087	0.15037
831.30648	0.15332
830.34209	0.15672
829.37770	0.16074
828.41330	0.16560
827.44891	0.17154
826.48452	0.17883
825.52013	0.18774
824.55573	0.19853
823.59134	0.21142
822.62695	0.22658
821.66256	0.24405
820.69816	0.26375
819.73377	0.28545
818.76938	0.30879
817.80498	0.33341
816.84059	0.35917
815.87620	0.38638
814.91181	0.41612
813.94741	0.45053
812.98302	0.49282
812.01863	0.54677
811.05424	0.61594
810.08984	0.70294
809.12545	0.80935
808.16106	0.93659
807.19667	1.08758
806.23227	1.27048
805.26788	1.50832
804.30349	1.85364
803.33909	2.37458
802.37470	3.01881
801.41031	3.31518
800.44592	2.73875
799.48152	2.25992
798.51713	2.12509
797.55274	2.13609
796.58835	2.16210
795.62395	2.17256
794.65956	2.17343
793.69517	2.17222
792.73078	2.17152
791.76638	2.17138
790.80199	2.17142
789.83760	2.17146
788.87320	2.17148
787.90881	2.17148
786.94442	2.17147
785.98003	2.17147
785.01563	2.17147
784.05124	2.17147
783.08685	2.17147
782.12246	2.17147
781.15806	2.17147
780.19367	2.17147
779.22928	2.17147
778.26489	2.17147
777.30049	2.17147
776.33610	2.17147
775.37171	2.17147
774.40731	2.17147
773.44292	2.17147
772.47853	2.17147
771.51414	2.17147
770.54974	2.17147
769.58535	2.17147
768.62096	2.17147
767.65657	2.17147
766.69217	2.17147
765.72778	2.17147
764.76339	2.17147
763.79900	2.17147
762.83460	2.17147
761.87021	2.17148
760.90582	2.17147
759.94142	2.17144
758.97703	2.17140
758.01264	2.17148
757.04825	2.17195
756.08385	2.17290
755.11946	2.17268
754.15507	2.16590
753.19068	2.14680
752.22628	2.13286
751.26189	2.21423
750.29750	2.55032
749.33310	3.04071
748.36871	3.04394
747.40432	2.71265
746.43993	2.34144
745.47553	2.03045
744.51114	1.77623
743.54675	1.55878
742.58236	1.36692
741.61796	1.19675
740.65357	1.04704
739.68918	0.91683
738.72479	0.80457
737.76039	0.70830
736.79600	0.62604
735.83161	0.55590
734.86721	0.49610
733.90282	0.44504
732.93843	0.40131
731.97404	0.36370
731.00964	0.33115
730.04525	0.30286
729.08086	0.27821
728.11647	0.25671
727.15207	0.23798
726.18768	0.22167
725.22329	0.20748
724.25890	0.19515
723.29450	0.18444
722.33011	0.17512
721.36572	0.16692
720.40132	0.15957
719.43693	0.15285
718.47254	0.14671
717.50815	0.14116
716.54375	0.13618
715.57936	0.13171
714.61497	0.12769
713.65058	0.12405
712.68618	0.12073
711.72179	0.11770
710.75740	0.11495
709.79301	0.11247
708.82861	0.11021
707.86422	0.10817
706.89983	0.10629
705.93543	0.10453
704.97104	0.10284
704.00665	0.10119
703.04226	0.09959
702.07786	0.09807
701.11347	0.09667
700.14908	0.09540
699.18469	0.09423
698.22029	0.09314
697.25590	0.09207
696.29151	0.09101
695.32712	0.08998
694.36272	0.08899
693.39833	0.08807
692.43394	0.08722
691.46954	0.08647
690.50515	0.08579
689.54076	0.08511
688.57637	0.08434
687.61197	0.08348
686.64758	0.08259
685.68319	0.08174
684.71880	0.08100
683.75440	0.08037
682.79001	0.07983
681.82562	0.07937
680.86123	0.07895
679.89683	0.07855
678.93244	0.07817
677.96805	0.07779
677.00365	0.07743
676.03926	0.07712
675.07487	0.07692
674.11048	0.07689
673.14608	0.07714
672.18169	0.07770
671.21730	0.07852
670.25291	0.07935
669.28851	0.07971
668.32412	0.07914
667.35973	0.07780
666.39534	0.07654
665.43094	0.07580
664.46655	0.07553
663.50216	0.07549
662.53776	0.07547
661.57337	0.07540
660.60898	0.07526
659.64459	0.07507
658.68019	0.07484
657.71580	0.07459
656.75141	0.07435
655.78702	0.07415
654.82262	0.07399
653.85823	0.07387
652.89384	0.07380
651.92945	0.07376
650.96505	0.07377
650.00066	0.07380
649.03627	0.07383
648.07187	0.07382
647.10748	0.07376
646.14309	0.07366
645.17870	0.07356
644.21430	0.07349
643.24991	0.07345
642.28552	0.07348
641.32113	0.07358
640.35673	0.07376
639.39234	0.07403
638.42795	0.07444
637.46356	0.07506
636.49916	0.07595
635.53477	0.07708
634.57038	0.07841
633.60598	0.07987
632.64159	0.08133
631.67720	0.08260
630.71281	0.08349
629.74841	0.08379
628.78402	0.08347
627.81963	0.08297
626.85524	0.08267
625.89084	0.08243
624.92645	0.08175
623.96206	0.08053
622.99767	0.07924
622.03327	0.07827
621.06888	0.07760
620.10449	0.07721
619.14009	0.07723
618.17570	0.07749
617.21131	0.07732
616.24692	0.07633
615.28252	0.07493
614.31813	0.07375
613.35374	0.07306
612.38935	0.07269
611.42495	0.07244
610.46056	0.07220
609.49617	0.07197
608.53178	0.07177
607.56738	0.07165
606.60299	0.07162
605.63860	0.07163
604.67420	0.07156
603.70981	0.07142
602.74542	0.07136
601.78103	0.07161
600.81663	0.07198
599.85224	0.07192
598.88785	0.07131
597.92346	0.07063
596.95906	0.07030
595.99467	0.07026
595.03028	0.07037
594.06589	0.07084
593.10149	0.07179
592.13710	0.07257
591.17271	0.07219
590.20831	0.07085
589.24392	0.06966
588.27953	0.06915
587.31514	0.06917
586.35074	0.06948
585.38635	0.06982
584.42196	0.06991
583.45757	0.06988
582.49317	0.07025
581.52878	0.07100
580.56439	0.07135
579.59999	0.07095
578.63560	0.07061
577.67121	0.07119
576.70682	0.07225
575.74242	0.07243
574.77803	0.07139
573.81364	0.07022
572.84925	0.06980
571.88485	0.07008
570.92046	0.07070
569.95607	0.07136
568.99168	0.07176
568.02728	0.07172
567.06289	0.07125
566.09850	0.07055
565.13410	0.06994
564.16971	0.06961
563.20532	0.06943
562.24093	0.06924
561.27653	0.06903
560.31214	0.06888
559.34775	0.06882
558.38336	0.06882
557.41896	0.06887
556.45457	0.06896
555.49018	0.06905
554.52579	0.06902
553.56139	0.06888
552.59700	0.06892
551.63261	0.06931
550.66821	0.06988
549.70382	0.07024
548.73943	0.07043
547.77504	0.07076
546.81064	0.07115
545.84625	0.07113
544.88186	0.07054
543.91747	0.06981
542.95307	0.06945
541.98868	0.06950
541.02429	0.06970
540.05990	0.06990
539.09550	0.07019
538.13111	0.07073
537.16672	0.07147
536.20232	0.07215
535.23793	0.07251
534.27354	0.07263
533.30915	0.07261
532.34475	0.07248
531.38036	0.07216
530.41597	0.07171
529.45158	0.07146
528.48718	0.07208
527.52279	0.07399
526.55840	0.07597
525.59401	0.07577
524.62961	0.07309
523.66522	0.07017
522.70083	0.06880
521.73643	0.06920
520.77204	0.07093
519.80765	0.07309
518.84326	0.07489
517.87886	0.07590
516.91447	0.07542
515.95008	0.07321
514.98569	0.07059
514.02129	0.06892
513.05690	0.06843
512.09251	0.06866
511.12812	0.06912
510.16372	0.06954
509.19933	0.07026
508.23494	0.07164
507.27054	0.07287
506.30615	0.07276
505.34176	0.07195
504.37737	0.07256
503.41297	0.07514
502.44858	0.07736
501.48419	0.07664
500.51980	0.07376
499.55540	0.07141
498.59101	0.07068
497.62662	0.07098
496.66223	0.07158
495.69783	0.07229
494.73344	0.07334
493.76905	0.07504
492.80465	0.07708
491.84026	0.07835
490.87587	0.07828
489.91148	0.07772
488.94708	0.07782
487.98269	0.07892
487.01830	0.08085
486.05391	0.08324
485.08951	0.08558
484.12512	0.08695
483.16073	0.08672
482.19634	0.08567
481.23194	0.08501
480.26755	0.08498
479.30316	0.08537
478.33876	0.08613
477.37437	0.08706
476.40998	0.08780
475.44559	0.08887
474.48119	0.09195
473.51680	0.09690
472.55241	0.09974
471.58802	0.09743
470.62362	0.09277
469.65923	0.09013
468.69484	0.08986
467.73045	0.08960
466.76605	0.08824
465.80166	0.08668
464.83727	0.08604
463.87287	0.08661
462.90848	0.08812
461.94409	0.08975
460.97970	0.09124
460.01530	0.09446
459.05091	0.10095
458.08652	0.10698
457.12213	0.10651
456.15773	0.10056
455.19334	0.09577
454.22895	0.09547
453.26456	0.09755
452.30016	0.09857
451.33577	0.09771
450.37138	0.09670
449.40698	0.09712
448.44259	0.09920
447.47820	0.10177
446.51381	0.10321
445.54941	0.10376
444.58502	0.10511
443.62063	0.10719
442.65624	0.10788
441.69184	0.10586
440.72745	0.10221
439.76306	0.09932
438.79867	0.09878
437.83427	0.10047
436.86988	0.10276
435.90549	0.10362
434.94109	0.10259
433.97670	0.10107
433.01231	0.10056
432.04792	0.10118
431.08352	0.10184
430.11913	0.10176
429.15474	0.10150
428.19035	0.10217
427.22595	0.10443
426.26156	0.10799
425.29717	0.11179
424.33278	0.11499
423.36838	0.11707
422.40399	0.11861
421.43960	0.12393
420.47520	0.13684
419.51081	0.15141
418.54642	0.15448
417.58203	0.14302
416.61763	0.12790
415.65324	0.11861
414.68885	0.11607
413.72446	0.11696
412.76006	0.11867
411.79567	0.12031
410.83128	0.12180
409.86688	0.12327
408.90249	0.12484
407.93810	0.12655
406.97371	0.12833
406.00931	0.13002
405.04492	0.13153
404.08053	0.13312
403.11614	0.13579
402.15174	0.14122
401.18735	0.15039
400.22296	0.16227
399.25857	0.17499
